CMB/Patient-0017964537-00033-0.nii|1    |1    |[140, 290, 156, 306]
CMB/Patient-0017964537-00066-1.nii|1    |1    |[204, 391, 220, 407]
Non_CMB/Patient-0017964537-00040-0.nii|0    |1    |[170, 347, 186, 363]
Non_CMB/Patient-0017964537-00058-1.nii|0    |1    |[346, 323, 362, 339]
CMB/Patient-0017964537-00074-0.nii|1    |1    |[214, 362, 230, 378]
Non_CMB/Patient-0017964537-00009-0.nii|0    |0    |[185, 289, 201, 305]
Non_CMB/Patient-0017964537-00049-1.nii|0    |1    |[217, 397, 233, 413]
CMB/Patient-0017964537-00075-0.nii|1    |1    |[213, 363, 229, 379]
Non_CMB/Patient-0017964537-00050-2.nii|0    |0    |[251, 268, 267, 284]
Non_CMB/Patient-0017964537-00019-0.nii|0    |1    |[248, 325, 264, 341]
CMB/Patient-0017964537-00069-0.nii|1    |1    |[191, 370, 207, 386]
CMB/Patient-0017964537-00067-1.nii|1    |1    |[191, 371, 207, 387]
Non_CMB/Patient-0017964537-00029-4.nii|0    |1    |[223, 386, 239, 402]
CMB/Patient-0017964537-00013-0.nii|1    |1    |[230, 342, 246, 358]
Non_CMB/Patient-0017964537-00087-0.nii|0    |0    |[293, 165, 309, 181]
CMB/Patient-0017964537-00078-1.nii|1    |1    |[201, 352, 217, 368]
