Non_CMB/Patient-0015011783-00058-3.nii|0    |0    |[194, 331, 210, 347]
Non_CMB/Patient-0015011783-00020-1.nii|0    |0    |[283, 357, 299, 373]
Non_CMB/Patient-0015011783-00064-0.nii|0    |1    |[296, 258, 312, 274]
Non_CMB/Patient-0015011783-00063-0.nii|0    |0    |[298, 257, 314, 273]
CMB/Patient-0015011783-00094-0.nii|1    |1    |[207, 282, 223, 298]
Non_CMB/Patient-0015011783-00059-2.nii|0    |0    |[252, 300, 268, 316]
Non_CMB/Patient-0015011783-00066-0.nii|0    |1    |[291, 253, 307, 269]
Non_CMB/Patient-0015011783-00045-1.nii|0    |1    |[209, 392, 225, 408]
Non_CMB/Patient-0015011783-00058-1.nii|0    |1    |[297, 244, 313, 260]
Non_CMB/Patient-0015011783-00063-4.nii|0    |1    |[291, 243, 307, 259]
Non_CMB/Patient-0015011783-00075-0.nii|0    |1    |[209, 266, 225, 282]
