Non_CMB/Patient-0009194347-00057-3.nii|0    |0    |[296, 179, 312, 195]
Non_CMB/Patient-0009194347-00054-2.nii|0    |0    |[290, 118, 306, 134]
Non_CMB/Patient-0009194347-00040-2.nii|0    |0    |[201, 367, 217, 383]
Non_CMB/Patient-0009194347-00059-0.nii|0    |1    |[279, 227, 295, 243]
Non_CMB/Patient-0009194347-00052-2.nii|0    |0    |[201, 118, 217, 134]
Non_CMB/Patient-0009194347-00086-4.nii|0    |0    |[293, 386, 309, 402]
CMB/Patient-0009194347-00076-1.nii|1    |1    |[181, 372, 197, 388]
Non_CMB/Patient-0009194347-00036-4.nii|0    |0    |[249, 304, 265, 320]
Non_CMB/Patient-0009194347-00081-4.nii|0    |0    |[154, 286, 170, 302]
Non_CMB/Patient-0009194347-00022-0.nii|0    |1    |[239, 322, 255, 338]
Non_CMB/Patient-0009194347-00047-0.nii|0    |0    |[208, 146, 224, 162]
CMB/Patient-0009194347-00038-0.nii|1    |1    |[351, 228, 367, 244]
Non_CMB/Patient-0009194347-00038-4.nii|0    |0    |[204, 338, 220, 354]
Non_CMB/Patient-0009194347-00032-4.nii|0    |1    |[209, 364, 225, 380]
Non_CMB/Patient-0009194347-00093-4.nii|0    |0    |[229, 261, 245, 277]
Non_CMB/Patient-0009194347-00035-0.nii|0    |1    |[353, 228, 369, 244]
