Non_CMB/Patient-0017942742-00056-3.nii|0    |0    |[193, 309, 209, 325]
Non_CMB/Patient-0017942742-00067-4.nii|0    |1    |[206, 334, 222, 350]
Non_CMB/Patient-0017942742-00057-0.nii|0    |1    |[343, 339, 359, 355]
Non_CMB/Patient-0017942742-00053-0.nii|0    |1    |[345, 339, 361, 355]
Non_CMB/Patient-0017942742-00045-1.nii|0    |0    |[185, 130, 201, 146]
Non_CMB/Patient-0017942742-00047-0.nii|0    |1    |[331, 373, 347, 389]
Non_CMB/Patient-0017942742-00080-1.nii|0    |1    |[170, 206, 186, 222]
Non_CMB/Patient-0017942742-00031-4.nii|0    |1    |[155, 340, 171, 356]
Non_CMB/Patient-0017942742-00066-2.nii|0    |1    |[207, 333, 223, 349]
Non_CMB/Patient-0017942742-00080-3.nii|0    |1    |[322, 337, 338, 353]
Non_CMB/Patient-0017942742-00009-1.nii|0    |1    |[192, 339, 208, 355]
Non_CMB/Patient-0017942742-00026-2.nii|0    |1    |[194, 304, 210, 320]
Non_CMB/Patient-0017942742-00078-0.nii|0    |1    |[322, 185, 338, 201]
Non_CMB/Patient-0017942742-00083-0.nii|0    |0    |[298, 372, 314, 388]
Non_CMB/Patient-0017942742-00040-0.nii|0    |0    |[318, 252, 334, 268]
Non_CMB/Patient-0017942742-00081-0.nii|0    |1    |[321, 336, 337, 352]
Non_CMB/Patient-0017942742-00050-0.nii|0    |1    |[159, 334, 175, 350]
Non_CMB/Patient-0017942742-00009-0.nii|0    |1    |[178, 344, 194, 360]
Non_CMB/Patient-0017942742-00029-1.nii|0    |0    |[330, 246, 346, 262]
Non_CMB/Patient-0000479916-00084-0.nii|0    |1    |[152, 334, 168, 350]
Non_CMB/Patient-0000479916-00079-0.nii|0    |0    |[190, 234, 206, 250]
Non_CMB/Patient-0000479916-00039-1.nii|0    |1    |[197, 404, 213, 420]
Non_CMB/Patient-0000479916-00068-2.nii|0    |0    |[216, 239, 232, 255]
Non_CMB/Patient-0000479916-00087-2.nii|0    |1    |[150, 334, 166, 350]
CMB/Patient-0000479916-00077-0.nii|1    |1    |[341, 270, 357, 286]
CMB/Patient-0000479916-00022-0.nii|1    |1    |[224, 334, 240, 350]
Non_CMB/Patient-0000479916-00059-1.nii|0    |0    |[278, 189, 294, 205]
Non_CMB/Patient-0000479916-00051-2.nii|0    |1    |[250, 277, 266, 293]
Non_CMB/Patient-0000479916-00056-4.nii|0    |0    |[249, 290, 265, 306]
Non_CMB/Patient-0000479916-00069-0.nii|0    |1    |[289, 236, 305, 252]
CMB/Patient-0000479916-00063-0.nii|1    |1    |[175, 285, 191, 301]
CMB/Patient-0000479916-00078-2.nii|1    |0    |[342, 277, 358, 293]
CMB/Patient-0000479916-00053-0.nii|1    |1    |[166, 294, 182, 310]
Non_CMB/Patient-0000479916-00054-3.nii|0    |1    |[233, 193, 249, 209]
Non_CMB/Patient-0000479916-00060-4.nii|0    |0    |[289, 156, 305, 172]
Non_CMB/Patient-0008329410-00048-3.nii|0    |1    |[154, 264, 170, 280]
Non_CMB/Patient-0008329410-00058-1.nii|0    |1    |[231, 396, 247, 412]
CMB/Patient-0008329410-00090-0.nii|1    |1    |[274, 317, 290, 333]
Non_CMB/Patient-0008329410-00066-3.nii|0    |0    |[149, 291, 165, 307]
Non_CMB/Patient-0008329410-00044-3.nii|0    |0    |[366, 339, 382, 355]
CMB/Patient-0008329410-00091-0.nii|1    |1    |[274, 317, 290, 333]
Non_CMB/Patient-0008329410-00090-3.nii|0    |0    |[306, 369, 322, 385]
Non_CMB/Patient-0008329410-00043-3.nii|0    |1    |[197, 276, 213, 292]
Non_CMB/Patient-0008329410-00033-0.nii|0    |1    |[314, 412, 330, 428]
Non_CMB/Patient-0008329410-00107-1.nii|0    |0    |[201, 291, 217, 307]
CMB/Patient-0008329410-00079-0.nii|1    |1    |[226, 189, 242, 205]
CMB/Patient-0008329410-00079-1.nii|1    |1    |[163, 259, 179, 275]
Non_CMB/Patient-0008329410-00057-0.nii|0    |0    |[297, 331, 313, 347]
Non_CMB/Patient-0008329410-00055-0.nii|0    |0    |[166, 308, 182, 324]
Non_CMB/Patient-0008329410-00086-1.nii|0    |1    |[215, 348, 231, 364]
Non_CMB/Patient-0008329410-00084-2.nii|0    |1    |[215, 348, 231, 364]
Non_CMB/Patient-0018081436-00062-1.nii|0    |1    |[151, 341, 167, 357]
CMB/Patient-0018081436-00066-1.nii|1    |0    |[221, 407, 237, 423]
Non_CMB/Patient-0018081436-00102-0.nii|0    |1    |[217, 341, 233, 357]
CMB/Patient-0018081436-00066-0.nii|1    |1    |[179, 389, 195, 405]
CMB/Patient-0018081436-00048-0.nii|1    |0    |[199, 424, 215, 440]
Non_CMB/Patient-0018081436-00097-1.nii|0    |1    |[329, 317, 345, 333]
CMB/Patient-0018081436-00063-0.nii|1    |1    |[216, 401, 232, 417]
CMB/Patient-0018081436-00098-0.nii|1    |1    |[202, 219, 218, 235]
Non_CMB/Patient-0018081436-00044-3.nii|0    |0    |[285, 415, 301, 431]
Non_CMB/Patient-0018081436-00060-4.nii|0    |1    |[150, 340, 166, 356]
Non_CMB/Patient-0018081436-00061-2.nii|0    |1    |[192, 418, 208, 434]
Non_CMB/Patient-0018081436-00070-1.nii|0    |1    |[202, 396, 218, 412]
CMB/Patient-0018081436-00055-0.nii|1    |1    |[176, 412, 192, 428]
Non_CMB/Patient-0018081436-00025-1.nii|0    |1    |[326, 372, 342, 388]
Non_CMB/Patient-0017093997-00056-0.nii|0    |0    |[250, 262, 266, 278]
Non_CMB/Patient-0017093997-00038-2.nii|0    |1    |[221, 350, 237, 366]
Non_CMB/Patient-0017093997-00055-1.nii|0    |1    |[348, 282, 364, 298]
Non_CMB/Patient-0017093997-00072-0.nii|0    |1    |[207, 171, 223, 187]
Non_CMB/Patient-0017093997-00056-2.nii|0    |1    |[323, 190, 339, 206]
Non_CMB/Patient-0017093997-00033-0.nii|0    |1    |[338, 330, 354, 346]
Non_CMB/Patient-0017093997-00050-3.nii|0    |0    |[273, 385, 289, 401]
CMB/Patient-0017093997-00034-0.nii|1    |1    |[210, 358, 226, 374]
Non_CMB/Patient-0017093997-00040-3.nii|0    |1    |[173, 341, 189, 357]
Non_CMB/Patient-0017093997-00044-3.nii|0    |1    |[298, 375, 314, 391]
CMB/Patient-0017093997-00012-0.nii|1    |0    |[194, 282, 210, 298]
Non_CMB/Patient-0017093997-00067-3.nii|0    |1    |[285, 369, 301, 385]
CMB/Patient-0018471528-00052-1.nii|1    |1    |[195, 249, 211, 265]
CMB/Patient-0018471528-00053-0.nii|1    |1    |[284, 405, 300, 421]
Non_CMB/Patient-0018471528-00054-2.nii|0    |1    |[284, 404, 300, 420]
CMB/Patient-0018471528-00065-1.nii|1    |1    |[306, 243, 322, 259]
CMB/Patient-0018471528-00068-0.nii|1    |1    |[187, 242, 203, 258]
CMB/Patient-0018471528-00041-0.nii|1    |1    |[348, 270, 364, 286]
Non_CMB/Patient-0018471528-00078-4.nii|0    |1    |[201, 211, 217, 227]
Non_CMB/Patient-0018471528-00017-3.nii|0    |0    |[176, 229, 192, 245]
CMB/Patient-0018471528-00078-0.nii|1    |1    |[303, 337, 319, 353]
Non_CMB/Patient-0018471528-00062-0.nii|0    |0    |[295, 420, 311, 436]
Non_CMB/Patient-0018471528-00039-2.nii|0    |1    |[348, 270, 364, 286]
CMB/Patient-0018471528-00015-0.nii|1    |1    |[288, 365, 304, 381]
Non_CMB/Patient-0018471528-00042-0.nii|0    |1    |[241, 408, 257, 424]
Non_CMB/Patient-0018471528-00064-1.nii|0    |1    |[274, 351, 290, 367]
CMB/Patient-0018471528-00059-0.nii|1    |1    |[198, 263, 214, 279]
CMB/Patient-0018471528-00054-1.nii|1    |1    |[189, 258, 205, 274]
CMB/Patient-0018471528-00065-0.nii|1    |1    |[185, 242, 201, 258]
CMB/Patient-0018471528-00048-2.nii|1    |1    |[320, 235, 336, 251]
CMB/Patient-0018471528-00051-0.nii|1    |1    |[284, 404, 300, 420]
Non_CMB/Patient-0009194347-00057-3.nii|0    |0    |[296, 179, 312, 195]
Non_CMB/Patient-0009194347-00054-2.nii|0    |0    |[290, 118, 306, 134]
Non_CMB/Patient-0009194347-00040-2.nii|0    |0    |[201, 367, 217, 383]
Non_CMB/Patient-0009194347-00059-0.nii|0    |1    |[279, 227, 295, 243]
Non_CMB/Patient-0009194347-00052-2.nii|0    |0    |[201, 118, 217, 134]
Non_CMB/Patient-0009194347-00086-4.nii|0    |0    |[293, 386, 309, 402]
CMB/Patient-0009194347-00076-1.nii|1    |1    |[181, 372, 197, 388]
Non_CMB/Patient-0009194347-00036-4.nii|0    |0    |[249, 304, 265, 320]
Non_CMB/Patient-0009194347-00081-4.nii|0    |0    |[154, 286, 170, 302]
Non_CMB/Patient-0009194347-00022-0.nii|0    |1    |[239, 322, 255, 338]
Non_CMB/Patient-0009194347-00047-0.nii|0    |0    |[208, 146, 224, 162]
CMB/Patient-0009194347-00038-0.nii|1    |1    |[351, 228, 367, 244]
Non_CMB/Patient-0009194347-00038-4.nii|0    |0    |[204, 338, 220, 354]
Non_CMB/Patient-0009194347-00032-4.nii|0    |1    |[209, 364, 225, 380]
Non_CMB/Patient-0009194347-00093-4.nii|0    |0    |[229, 261, 245, 277]
Non_CMB/Patient-0009194347-00035-0.nii|0    |1    |[353, 228, 369, 244]
CMB/Patient-0017595543-00068-1.nii|1    |1    |[312, 269, 328, 285]
CMB/Patient-0017595543-00034-1.nii|1    |1    |[216, 398, 232, 414]
Non_CMB/Patient-0017595543-00046-2.nii|0    |1    |[375, 244, 391, 260]
Non_CMB/Patient-0017595543-00085-2.nii|0    |0    |[139, 239, 155, 255]
Non_CMB/Patient-0017595543-00078-3.nii|0    |1    |[154, 372, 170, 388]
Non_CMB/Patient-0017595543-00080-4.nii|0    |1    |[160, 342, 176, 358]
CMB/Patient-0017595543-00034-0.nii|1    |1    |[168, 378, 184, 394]
CMB/Patient-0017595543-00046-4.nii|1    |1    |[176, 421, 192, 437]
CMB/Patient-0017595543-00033-1.nii|1    |1    |[168, 378, 184, 394]
CMB/Patient-0017595543-00071-3.nii|1    |1    |[177, 384, 193, 400]
CMB/Patient-0017595543-00078-0.nii|1    |1    |[306, 257, 322, 273]
CMB/Patient-0017595543-00079-0.nii|1    |1    |[241, 311, 257, 327]
CMB/Patient-0017595543-00062-0.nii|1    |1    |[192, 238, 208, 254]
CMB/Patient-0017595543-00077-0.nii|1    |1    |[306, 256, 322, 272]
CMB/Patient-0017595543-00075-2.nii|1    |1    |[196, 313, 212, 329]
CMB/Patient-0017595543-00031-2.nii|1    |1    |[182, 387, 198, 403]
CMB/Patient-0017595543-00051-0.nii|1    |1    |[183, 415, 199, 431]
Non_CMB/Patient-0017595543-00070-3.nii|0    |1    |[207, 398, 223, 414]
CMB/Patient-0017595543-00074-0.nii|1    |1    |[320, 413, 336, 429]
CMB/Patient-0017595543-00048-2.nii|1    |1    |[304, 415, 320, 431]
Non_CMB/Patient-0017595543-00016-0.nii|0    |1    |[202, 324, 218, 340]
CMB/Patient-0017595543-00059-0.nii|1    |1    |[304, 292, 320, 308]
CMB/Patient-0017595543-00040-0.nii|1    |1    |[147, 355, 163, 371]
CMB/Patient-0017595543-00058-3.nii|1    |1    |[304, 292, 320, 308]
CMB/Patient-0017595543-00067-2.nii|1    |1    |[312, 244, 328, 260]
Non_CMB/Patient-0017595543-00089-2.nii|0    |1    |[173, 317, 189, 333]
CMB/Patient-0017595543-00057-1.nii|1    |1    |[287, 405, 303, 421]
CMB/Patient-0017595543-00046-0.nii|1    |1    |[150, 258, 166, 274]
Non_CMB/Patient-0017595543-00087-4.nii|0    |1    |[232, 318, 248, 334]
CMB/Patient-0017595543-00083-1.nii|1    |1    |[182, 383, 198, 399]
Non_CMB/Patient-0017595543-00088-1.nii|0    |1    |[315, 187, 331, 203]
Non_CMB/Patient-0017595543-00095-4.nii|0    |1    |[240, 348, 256, 364]
Non_CMB/Patient-0017595543-00084-2.nii|0    |1    |[156, 373, 172, 389]
Non_CMB/Patient-0017595543-00035-2.nii|0    |1    |[269, 414, 285, 430]
CMB/Patient-0017595543-00053-4.nii|1    |1    |[182, 417, 198, 433]
CMB/Patient-0017595543-00042-1.nii|1    |1    |[145, 355, 161, 371]
Non_CMB/Patient-0017595543-00030-4.nii|0    |1    |[322, 227, 338, 243]
CMB/Patient-0017595543-00040-2.nii|1    |1    |[121, 252, 137, 268]
CMB/Patient-0017595543-00047-0.nii|1    |1    |[150, 257, 166, 273]
CMB/Patient-0017595543-00047-1.nii|1    |1    |[304, 416, 320, 432]
CMB/Patient-0017595543-00032-3.nii|1    |1    |[185, 378, 201, 394]
CMB/Patient-0017595543-00043-1.nii|1    |1    |[264, 414, 280, 430]
Non_CMB/Patient-0017595543-00083-3.nii|0    |1    |[226, 135, 242, 151]
Non_CMB/Patient-0018470179-00082-0.nii|0    |1    |[302, 294, 318, 310]
CMB/Patient-0018470179-00061-0.nii|1    |1    |[206, 230, 222, 246]
Non_CMB/Patient-0018470179-00053-2.nii|0    |1    |[225, 239, 241, 255]
CMB/Patient-0018470179-00072-0.nii|1    |1    |[230, 137, 246, 153]
Non_CMB/Patient-0018470179-00047-4.nii|0    |1    |[229, 407, 245, 423]
Non_CMB/Patient-0018470179-00073-0.nii|0    |1    |[277, 332, 293, 348]
CMB/Patient-0018470179-00062-3.nii|1    |1    |[285, 221, 301, 237]
Non_CMB/Patient-0018470179-00047-0.nii|0    |0    |[321, 356, 337, 372]
Non_CMB/Patient-0018470179-00096-0.nii|0    |1    |[295, 244, 311, 260]
Non_CMB/Patient-0018470179-00015-0.nii|0    |0    |[300, 275, 316, 291]
CMB/Patient-0018470179-00062-0.nii|1    |1    |[207, 229, 223, 245]
Non_CMB/Patient-0018470179-00056-2.nii|0    |1    |[194, 300, 210, 316]
Non_CMB/Patient-0018470179-00025-2.nii|0    |0    |[209, 349, 225, 365]
Non_CMB/Patient-0018470179-00033-0.nii|0    |1    |[333, 339, 349, 355]
Non_CMB/Patient-0018470179-00087-3.nii|0    |1    |[210, 297, 226, 313]
Non_CMB/Patient-0018470179-00074-0.nii|0    |1    |[277, 332, 293, 348]
CMB/Patient-0018470179-00065-1.nii|1    |1    |[161, 304, 177, 320]
Non_CMB/Patient-0018470179-00081-1.nii|0    |1    |[301, 293, 317, 309]
Non_CMB/Patient-0018470179-00032-4.nii|0    |1    |[217, 348, 233, 364]
Non_CMB/Patient-0000604199-00093-2.nii|0    |0    |[163, 374, 179, 390]
CMB/Patient-0000604199-00024-0.nii|1    |1    |[303, 307, 319, 323]
CMB/Patient-0000604199-00050-0.nii|1    |0    |[325, 366, 341, 382]
Non_CMB/Patient-0000604199-00055-2.nii|0    |0    |[250, 284, 266, 300]
CMB/Patient-0000604199-00023-0.nii|1    |1    |[303, 307, 319, 323]
Non_CMB/Patient-0000137786-00030-1.nii|0    |1    |[174, 344, 190, 360]
Non_CMB/Patient-0000137786-00056-3.nii|0    |0    |[351, 331, 367, 347]
Non_CMB/Patient-0000137786-00031-4.nii|0    |1    |[364, 223, 380, 239]
Non_CMB/Patient-0000137786-00035-1.nii|0    |1    |[251, 274, 267, 290]
Non_CMB/Patient-0000137786-00019-0.nii|0    |1    |[290, 340, 306, 356]
CMB/Patient-0000137786-00054-0.nii|1    |1    |[319, 137, 335, 153]
CMB/Patient-0000137786-00056-0.nii|1    |1    |[295, 328, 311, 344]
Non_CMB/Patient-0000137786-00033-1.nii|0    |0    |[195, 264, 211, 280]
CMB/Patient-0017964537-00033-0.nii|1    |1    |[140, 290, 156, 306]
CMB/Patient-0017964537-00066-1.nii|1    |1    |[204, 391, 220, 407]
Non_CMB/Patient-0017964537-00040-0.nii|0    |1    |[170, 347, 186, 363]
Non_CMB/Patient-0017964537-00058-1.nii|0    |1    |[346, 323, 362, 339]
CMB/Patient-0017964537-00074-0.nii|1    |1    |[214, 362, 230, 378]
Non_CMB/Patient-0017964537-00009-0.nii|0    |0    |[185, 289, 201, 305]
Non_CMB/Patient-0017964537-00049-1.nii|0    |1    |[217, 397, 233, 413]
CMB/Patient-0017964537-00075-0.nii|1    |1    |[213, 363, 229, 379]
Non_CMB/Patient-0017964537-00050-2.nii|0    |0    |[251, 268, 267, 284]
Non_CMB/Patient-0017964537-00019-0.nii|0    |1    |[248, 325, 264, 341]
CMB/Patient-0017964537-00069-0.nii|1    |1    |[191, 370, 207, 386]
CMB/Patient-0017964537-00067-1.nii|1    |1    |[191, 371, 207, 387]
Non_CMB/Patient-0017964537-00029-4.nii|0    |1    |[223, 386, 239, 402]
CMB/Patient-0017964537-00013-0.nii|1    |1    |[230, 342, 246, 358]
Non_CMB/Patient-0017964537-00087-0.nii|0    |0    |[293, 165, 309, 181]
CMB/Patient-0017964537-00078-1.nii|1    |1    |[201, 352, 217, 368]
Non_CMB/Patient-0000032463-00047-1.nii|0    |0    |[174, 318, 190, 334]
Non_CMB/Patient-0000032463-00051-2.nii|0    |1    |[318, 151, 334, 167]
Non_CMB/Patient-0000032463-00071-4.nii|0    |1    |[151, 357, 167, 373]
Non_CMB/Patient-0000032463-00051-1.nii|0    |0    |[247, 292, 263, 308]
Non_CMB/Patient-0000032463-00029-1.nii|0    |0    |[332, 314, 348, 330]
CMB/Patient-0000032463-00054-0.nii|1    |1    |[317, 152, 333, 168]
Non_CMB/Patient-0015011783-00058-3.nii|0    |0    |[194, 331, 210, 347]
Non_CMB/Patient-0015011783-00020-1.nii|0    |0    |[283, 357, 299, 373]
Non_CMB/Patient-0015011783-00064-0.nii|0    |1    |[296, 258, 312, 274]
Non_CMB/Patient-0015011783-00063-0.nii|0    |0    |[298, 257, 314, 273]
CMB/Patient-0015011783-00094-0.nii|1    |1    |[207, 282, 223, 298]
Non_CMB/Patient-0015011783-00059-2.nii|0    |0    |[252, 300, 268, 316]
Non_CMB/Patient-0015011783-00066-0.nii|0    |1    |[291, 253, 307, 269]
Non_CMB/Patient-0015011783-00045-1.nii|0    |1    |[209, 392, 225, 408]
Non_CMB/Patient-0015011783-00058-1.nii|0    |1    |[297, 244, 313, 260]
Non_CMB/Patient-0015011783-00063-4.nii|0    |1    |[291, 243, 307, 259]
Non_CMB/Patient-0015011783-00075-0.nii|0    |1    |[209, 266, 225, 282]
CMB/Patient-0000605785-00102-0.nii|1    |1    |[220, 322, 236, 338]
Non_CMB/Patient-0000605785-00037-0.nii|0    |1    |[277, 375, 293, 391]
Non_CMB/Patient-0000605785-00024-1.nii|0    |0    |[212, 318, 228, 334]
Non_CMB/Patient-0000605785-00059-1.nii|0    |1    |[309, 375, 325, 391]
Non_CMB/Patient-0000605785-00042-4.nii|0    |0    |[373, 241, 389, 257]
Non_CMB/Patient-0000605785-00043-2.nii|0    |1    |[207, 412, 223, 428]
Non_CMB/Patient-0000605785-00020-1.nii|0    |1    |[267, 333, 283, 349]
Non_CMB/Patient-0000605785-00094-0.nii|0    |0    |[304, 280, 320, 296]
Non_CMB/Patient-0000605785-00041-1.nii|0    |0    |[372, 240, 388, 256]
Non_CMB/Patient-0000605785-00054-2.nii|0    |0    |[234, 397, 250, 413]
Non_CMB/Patient-0000605785-00058-2.nii|0    |1    |[325, 177, 341, 193]
Non_CMB/Patient-0000605785-00017-3.nii|0    |1    |[277, 317, 293, 333]
Non_CMB/Patient-0000605785-00054-3.nii|0    |1    |[298, 350, 314, 366]
Non_CMB/Patient-0000605785-00051-1.nii|0    |0    |[312, 315, 328, 331]
CMB/Patient-0000605785-00101-0.nii|1    |1    |[220, 322, 236, 338]
Non_CMB/Patient-0000605785-00056-3.nii|0    |0    |[287, 150, 303, 166]
Non_CMB/Patient-0000605785-00047-2.nii|0    |1    |[202, 231, 218, 247]
Non_CMB/Patient-0000605785-00083-2.nii|0    |1    |[193, 308, 209, 324]
Non_CMB/Patient-0000605785-00014-1.nii|0    |0    |[237, 321, 253, 337]
Non_CMB/Patient-0000605785-00092-2.nii|0    |1    |[160, 373, 176, 389]
CMB/Patient-0000605785-00045-1.nii|1    |1    |[323, 373, 339, 389]
Non_CMB/Patient-0000605785-00036-3.nii|0    |1    |[282, 376, 298, 392]
CMB/Patient-0000605785-00107-1.nii|1    |1    |[213, 333, 229, 349]
Non_CMB/Patient-0000605785-00063-1.nii|0    |0    |[166, 296, 182, 312]
CMB/Patient-0000605785-00044-2.nii|1    |1    |[323, 320, 339, 336]
Non_CMB/Patient-0000605785-00092-3.nii|0    |1    |[193, 236, 209, 252]
Non_CMB/Patient-0005215378-00090-0.nii|0    |1    |[181, 189, 197, 205]
Non_CMB/Patient-0005215378-00049-0.nii|0    |1    |[297, 389, 313, 405]
Non_CMB/Patient-0005215378-00037-4.nii|0    |0    |[241, 366, 257, 382]
Non_CMB/Patient-0005215378-00091-0.nii|0    |1    |[180, 190, 196, 206]
CMB/Patient-0000060881-00087-1.nii|1    |1    |[229, 258, 245, 274]
Non_CMB/Patient-0000060881-00033-2.nii|0    |1    |[221, 340, 237, 356]
Non_CMB/Patient-0000060881-00074-1.nii|0    |1    |[162, 276, 178, 292]
Non_CMB/Patient-0000060881-00052-4.nii|0    |0    |[294, 323, 310, 339]
Non_CMB/Patient-0000060881-00035-0.nii|0    |0    |[195, 257, 211, 273]
Non_CMB/Patient-0000060881-00052-1.nii|0    |0    |[204, 323, 220, 339]
Non_CMB/Patient-0000060881-00069-1.nii|0    |0    |[285, 368, 301, 384]
Non_CMB/Patient-0000060881-00042-0.nii|0    |1    |[330, 349, 346, 365]
Non_CMB/Patient-0007015811-00085-3.nii|0    |1    |[148, 356, 164, 372]
Non_CMB/Patient-0007015811-00062-3.nii|0    |0    |[285, 394, 301, 410]
Non_CMB/Patient-0007015811-00047-2.nii|0    |0    |[223, 422, 239, 438]
Non_CMB/Patient-0007015811-00057-3.nii|0    |1    |[210, 216, 226, 232]
Non_CMB/Patient-0007015811-00039-3.nii|0    |0    |[227, 190, 243, 206]
Non_CMB/Patient-0007015811-00055-3.nii|0    |0    |[197, 311, 213, 327]
Non_CMB/Patient-0007015811-00040-4.nii|0    |0    |[190, 258, 206, 274]
CMB/Patient-0007015811-00040-0.nii|1    |1    |[154, 255, 170, 271]
Non_CMB/Patient-0007015811-00035-2.nii|0    |1    |[330, 236, 346, 252]
Non_CMB/Patient-0007015811-00036-2.nii|0    |1    |[211, 415, 227, 431]
Non_CMB/Patient-0007015811-00049-0.nii|0    |0    |[249, 283, 265, 299]
Non_CMB/Patient-0007015811-00035-0.nii|0    |0    |[334, 368, 350, 384]
Non_CMB/Patient-0007015811-00051-3.nii|0    |1    |[249, 283, 265, 299]
Non_CMB/Patient-0007015811-00018-3.nii|0    |0    |[183, 374, 199, 390]
Non_CMB/Patient-0002162909-00092-1.nii|0    |0    |[319, 253, 335, 269]
Non_CMB/Patient-0002162909-00083-2.nii|0    |1    |[237, 194, 253, 210]
Non_CMB/Patient-0002162909-00036-1.nii|0    |1    |[313, 361, 329, 377]
Non_CMB/Patient-0002162909-00039-1.nii|0    |1    |[165, 320, 181, 336]
Non_CMB/Patient-0002162909-00033-2.nii|0    |1    |[346, 300, 362, 316]
Non_CMB/Patient-0002162909-00101-0.nii|0    |1    |[233, 267, 249, 283]
Non_CMB/Patient-0002162909-00076-3.nii|0    |1    |[173, 282, 189, 298]
Non_CMB/Patient-0002162909-00100-1.nii|0    |1    |[207, 162, 223, 178]
Non_CMB/Patient-0002162909-00107-1.nii|0    |1    |[217, 267, 233, 283]
Non_CMB/Patient-0002162909-00073-4.nii|0    |1    |[318, 372, 334, 388]
Non_CMB/Patient-0002162909-00040-0.nii|0    |0    |[156, 297, 172, 313]
Non_CMB/Patient-0002162909-00105-0.nii|0    |1    |[216, 268, 232, 284]
Non_CMB/Patient-0002162909-00053-0.nii|0    |1    |[179, 144, 195, 160]
Non_CMB/Patient-0002162909-00079-2.nii|0    |1    |[175, 340, 191, 356]
Non_CMB/Patient-0002162909-00098-0.nii|0    |1    |[206, 162, 222, 178]
Non_CMB/Patient-0000284759-00067-0.nii|0    |1    |[137, 287, 153, 303]
Non_CMB/Patient-0000284759-00047-0.nii|0    |1    |[265, 318, 281, 334]
Non_CMB/Patient-0000284759-00031-2.nii|0    |0    |[193, 252, 209, 268]
Non_CMB/Patient-0000284759-00020-2.nii|0    |1    |[242, 405, 258, 421]
Non_CMB/Patient-0000284759-00028-1.nii|0    |1    |[210, 329, 226, 345]
Non_CMB/Patient-0000284759-00054-0.nii|0    |1    |[285, 240, 301, 256]
Non_CMB/Patient-0000284759-00071-2.nii|0    |0    |[259, 402, 275, 418]
Non_CMB/Patient-0000284759-00013-0.nii|0    |1    |[262, 327, 278, 343]
CMB/Patient-0000284759-00050-0.nii|1    |1    |[329, 326, 345, 342]
Non_CMB/Patient-0017691773-00036-0.nii|0    |0    |[325, 335, 341, 351]
Non_CMB/Patient-0017691773-00055-0.nii|0    |1    |[282, 209, 298, 225]
Non_CMB/Patient-0017691773-00075-1.nii|0    |1    |[346, 206, 362, 222]
Non_CMB/Patient-0017691773-00056-3.nii|0    |1    |[281, 209, 297, 225]
Non_CMB/Patient-0017691773-00029-3.nii|0    |1    |[211, 212, 227, 228]
Non_CMB/Patient-0017691773-00040-2.nii|0    |1    |[314, 263, 330, 279]
Non_CMB/Patient-0017691773-00091-4.nii|0    |0    |[191, 160, 207, 176]
Non_CMB/Patient-0017691773-00093-2.nii|0    |1    |[238, 258, 254, 274]
CMB/Patient-0017691773-00081-0.nii|1    |1    |[200, 234, 216, 250]
Non_CMB/Patient-0017691773-00026-0.nii|0    |1    |[316, 281, 332, 297]
