Non_CMB/Patient-0017942742-00056-3.nii|0    |0    |[193, 309, 209, 325]
Non_CMB/Patient-0017942742-00067-4.nii|0    |1    |[206, 334, 222, 350]
Non_CMB/Patient-0017942742-00057-0.nii|0    |1    |[343, 339, 359, 355]
Non_CMB/Patient-0017942742-00053-0.nii|0    |1    |[345, 339, 361, 355]
Non_CMB/Patient-0017942742-00045-1.nii|0    |0    |[185, 130, 201, 146]
Non_CMB/Patient-0017942742-00047-0.nii|0    |1    |[331, 373, 347, 389]
Non_CMB/Patient-0017942742-00080-1.nii|0    |1    |[170, 206, 186, 222]
Non_CMB/Patient-0017942742-00031-4.nii|0    |1    |[155, 340, 171, 356]
Non_CMB/Patient-0017942742-00066-2.nii|0    |1    |[207, 333, 223, 349]
Non_CMB/Patient-0017942742-00080-3.nii|0    |1    |[322, 337, 338, 353]
Non_CMB/Patient-0017942742-00009-1.nii|0    |1    |[192, 339, 208, 355]
Non_CMB/Patient-0017942742-00026-2.nii|0    |1    |[194, 304, 210, 320]
Non_CMB/Patient-0017942742-00078-0.nii|0    |1    |[322, 185, 338, 201]
Non_CMB/Patient-0017942742-00083-0.nii|0    |0    |[298, 372, 314, 388]
Non_CMB/Patient-0017942742-00040-0.nii|0    |0    |[318, 252, 334, 268]
Non_CMB/Patient-0017942742-00081-0.nii|0    |1    |[321, 336, 337, 352]
Non_CMB/Patient-0017942742-00050-0.nii|0    |1    |[159, 334, 175, 350]
Non_CMB/Patient-0017942742-00009-0.nii|0    |1    |[178, 344, 194, 360]
Non_CMB/Patient-0017942742-00029-1.nii|0    |0    |[330, 246, 346, 262]
