Non_CMB/Patient-0018470179-00082-0.nii|0    |1    |[302, 294, 318, 310]
CMB/Patient-0018470179-00061-0.nii|1    |1    |[206, 230, 222, 246]
Non_CMB/Patient-0018470179-00053-2.nii|0    |1    |[225, 239, 241, 255]
CMB/Patient-0018470179-00072-0.nii|1    |1    |[230, 137, 246, 153]
Non_CMB/Patient-0018470179-00047-4.nii|0    |1    |[229, 407, 245, 423]
Non_CMB/Patient-0018470179-00073-0.nii|0    |1    |[277, 332, 293, 348]
CMB/Patient-0018470179-00062-3.nii|1    |1    |[285, 221, 301, 237]
Non_CMB/Patient-0018470179-00047-0.nii|0    |0    |[321, 356, 337, 372]
Non_CMB/Patient-0018470179-00096-0.nii|0    |1    |[295, 244, 311, 260]
Non_CMB/Patient-0018470179-00015-0.nii|0    |0    |[300, 275, 316, 291]
CMB/Patient-0018470179-00062-0.nii|1    |1    |[207, 229, 223, 245]
Non_CMB/Patient-0018470179-00056-2.nii|0    |1    |[194, 300, 210, 316]
Non_CMB/Patient-0018470179-00025-2.nii|0    |0    |[209, 349, 225, 365]
Non_CMB/Patient-0018470179-00033-0.nii|0    |1    |[333, 339, 349, 355]
Non_CMB/Patient-0018470179-00087-3.nii|0    |1    |[210, 297, 226, 313]
Non_CMB/Patient-0018470179-00074-0.nii|0    |1    |[277, 332, 293, 348]
CMB/Patient-0018470179-00065-1.nii|1    |1    |[161, 304, 177, 320]
Non_CMB/Patient-0018470179-00081-1.nii|0    |1    |[301, 293, 317, 309]
Non_CMB/Patient-0018470179-00032-4.nii|0    |1    |[217, 348, 233, 364]
