Non_CMB/Patient-0008329410-00048-3.nii|0    |1    |[154, 264, 170, 280]
Non_CMB/Patient-0008329410-00058-1.nii|0    |1    |[231, 396, 247, 412]
CMB/Patient-0008329410-00090-0.nii|1    |1    |[274, 317, 290, 333]
Non_CMB/Patient-0008329410-00066-3.nii|0    |0    |[149, 291, 165, 307]
Non_CMB/Patient-0008329410-00044-3.nii|0    |0    |[366, 339, 382, 355]
CMB/Patient-0008329410-00091-0.nii|1    |1    |[274, 317, 290, 333]
Non_CMB/Patient-0008329410-00090-3.nii|0    |0    |[306, 369, 322, 385]
Non_CMB/Patient-0008329410-00043-3.nii|0    |1    |[197, 276, 213, 292]
Non_CMB/Patient-0008329410-00033-0.nii|0    |1    |[314, 412, 330, 428]
Non_CMB/Patient-0008329410-00107-1.nii|0    |0    |[201, 291, 217, 307]
CMB/Patient-0008329410-00079-0.nii|1    |1    |[226, 189, 242, 205]
CMB/Patient-0008329410-00079-1.nii|1    |1    |[163, 259, 179, 275]
Non_CMB/Patient-0008329410-00057-0.nii|0    |0    |[297, 331, 313, 347]
Non_CMB/Patient-0008329410-00055-0.nii|0    |0    |[166, 308, 182, 324]
Non_CMB/Patient-0008329410-00086-1.nii|0    |1    |[215, 348, 231, 364]
Non_CMB/Patient-0008329410-00084-2.nii|0    |1    |[215, 348, 231, 364]
