CMB/Patient-0017595543-00068-1.nii|1    |1    |[312, 269, 328, 285]
CMB/Patient-0017595543-00034-1.nii|1    |1    |[216, 398, 232, 414]
Non_CMB/Patient-0017595543-00046-2.nii|0    |1    |[375, 244, 391, 260]
Non_CMB/Patient-0017595543-00085-2.nii|0    |0    |[139, 239, 155, 255]
Non_CMB/Patient-0017595543-00078-3.nii|0    |1    |[154, 372, 170, 388]
Non_CMB/Patient-0017595543-00080-4.nii|0    |1    |[160, 342, 176, 358]
CMB/Patient-0017595543-00034-0.nii|1    |1    |[168, 378, 184, 394]
CMB/Patient-0017595543-00046-4.nii|1    |1    |[176, 421, 192, 437]
CMB/Patient-0017595543-00033-1.nii|1    |1    |[168, 378, 184, 394]
CMB/Patient-0017595543-00071-3.nii|1    |1    |[177, 384, 193, 400]
CMB/Patient-0017595543-00078-0.nii|1    |1    |[306, 257, 322, 273]
CMB/Patient-0017595543-00079-0.nii|1    |1    |[241, 311, 257, 327]
CMB/Patient-0017595543-00062-0.nii|1    |1    |[192, 238, 208, 254]
CMB/Patient-0017595543-00077-0.nii|1    |1    |[306, 256, 322, 272]
CMB/Patient-0017595543-00075-2.nii|1    |1    |[196, 313, 212, 329]
CMB/Patient-0017595543-00031-2.nii|1    |1    |[182, 387, 198, 403]
CMB/Patient-0017595543-00051-0.nii|1    |1    |[183, 415, 199, 431]
Non_CMB/Patient-0017595543-00070-3.nii|0    |1    |[207, 398, 223, 414]
CMB/Patient-0017595543-00074-0.nii|1    |1    |[320, 413, 336, 429]
CMB/Patient-0017595543-00048-2.nii|1    |1    |[304, 415, 320, 431]
Non_CMB/Patient-0017595543-00016-0.nii|0    |1    |[202, 324, 218, 340]
CMB/Patient-0017595543-00059-0.nii|1    |1    |[304, 292, 320, 308]
CMB/Patient-0017595543-00040-0.nii|1    |1    |[147, 355, 163, 371]
CMB/Patient-0017595543-00058-3.nii|1    |1    |[304, 292, 320, 308]
CMB/Patient-0017595543-00067-2.nii|1    |1    |[312, 244, 328, 260]
Non_CMB/Patient-0017595543-00089-2.nii|0    |1    |[173, 317, 189, 333]
CMB/Patient-0017595543-00057-1.nii|1    |1    |[287, 405, 303, 421]
CMB/Patient-0017595543-00046-0.nii|1    |1    |[150, 258, 166, 274]
Non_CMB/Patient-0017595543-00087-4.nii|0    |1    |[232, 318, 248, 334]
CMB/Patient-0017595543-00083-1.nii|1    |1    |[182, 383, 198, 399]
Non_CMB/Patient-0017595543-00088-1.nii|0    |1    |[315, 187, 331, 203]
Non_CMB/Patient-0017595543-00095-4.nii|0    |1    |[240, 348, 256, 364]
Non_CMB/Patient-0017595543-00084-2.nii|0    |1    |[156, 373, 172, 389]
Non_CMB/Patient-0017595543-00035-2.nii|0    |1    |[269, 414, 285, 430]
CMB/Patient-0017595543-00053-4.nii|1    |1    |[182, 417, 198, 433]
CMB/Patient-0017595543-00042-1.nii|1    |1    |[145, 355, 161, 371]
Non_CMB/Patient-0017595543-00030-4.nii|0    |1    |[322, 227, 338, 243]
CMB/Patient-0017595543-00040-2.nii|1    |1    |[121, 252, 137, 268]
CMB/Patient-0017595543-00047-0.nii|1    |1    |[150, 257, 166, 273]
CMB/Patient-0017595543-00047-1.nii|1    |1    |[304, 416, 320, 432]
CMB/Patient-0017595543-00032-3.nii|1    |1    |[185, 378, 201, 394]
CMB/Patient-0017595543-00043-1.nii|1    |1    |[264, 414, 280, 430]
Non_CMB/Patient-0017595543-00083-3.nii|0    |1    |[226, 135, 242, 151]
