Non_CMB/Patient-0018081436-00062-1.nii|0    |1    |[151, 341, 167, 357]
CMB/Patient-0018081436-00066-1.nii|1    |0    |[221, 407, 237, 423]
Non_CMB/Patient-0018081436-00102-0.nii|0    |1    |[217, 341, 233, 357]
CMB/Patient-0018081436-00066-0.nii|1    |1    |[179, 389, 195, 405]
CMB/Patient-0018081436-00048-0.nii|1    |0    |[199, 424, 215, 440]
Non_CMB/Patient-0018081436-00097-1.nii|0    |1    |[329, 317, 345, 333]
CMB/Patient-0018081436-00063-0.nii|1    |1    |[216, 401, 232, 417]
CMB/Patient-0018081436-00098-0.nii|1    |1    |[202, 219, 218, 235]
Non_CMB/Patient-0018081436-00044-3.nii|0    |0    |[285, 415, 301, 431]
Non_CMB/Patient-0018081436-00060-4.nii|0    |1    |[150, 340, 166, 356]
Non_CMB/Patient-0018081436-00061-2.nii|0    |1    |[192, 418, 208, 434]
Non_CMB/Patient-0018081436-00070-1.nii|0    |1    |[202, 396, 218, 412]
CMB/Patient-0018081436-00055-0.nii|1    |1    |[176, 412, 192, 428]
Non_CMB/Patient-0018081436-00025-1.nii|0    |1    |[326, 372, 342, 388]
