CMB/Patient-0000605785-00102-0.nii|1    |1    |[220, 322, 236, 338]
Non_CMB/Patient-0000605785-00037-0.nii|0    |1    |[277, 375, 293, 391]
Non_CMB/Patient-0000605785-00024-1.nii|0    |0    |[212, 318, 228, 334]
Non_CMB/Patient-0000605785-00059-1.nii|0    |1    |[309, 375, 325, 391]
Non_CMB/Patient-0000605785-00042-4.nii|0    |0    |[373, 241, 389, 257]
Non_CMB/Patient-0000605785-00043-2.nii|0    |1    |[207, 412, 223, 428]
Non_CMB/Patient-0000605785-00020-1.nii|0    |1    |[267, 333, 283, 349]
Non_CMB/Patient-0000605785-00094-0.nii|0    |0    |[304, 280, 320, 296]
Non_CMB/Patient-0000605785-00041-1.nii|0    |0    |[372, 240, 388, 256]
Non_CMB/Patient-0000605785-00054-2.nii|0    |0    |[234, 397, 250, 413]
Non_CMB/Patient-0000605785-00058-2.nii|0    |1    |[325, 177, 341, 193]
Non_CMB/Patient-0000605785-00017-3.nii|0    |1    |[277, 317, 293, 333]
Non_CMB/Patient-0000605785-00054-3.nii|0    |1    |[298, 350, 314, 366]
Non_CMB/Patient-0000605785-00051-1.nii|0    |0    |[312, 315, 328, 331]
CMB/Patient-0000605785-00101-0.nii|1    |1    |[220, 322, 236, 338]
Non_CMB/Patient-0000605785-00056-3.nii|0    |0    |[287, 150, 303, 166]
Non_CMB/Patient-0000605785-00047-2.nii|0    |1    |[202, 231, 218, 247]
Non_CMB/Patient-0000605785-00083-2.nii|0    |1    |[193, 308, 209, 324]
Non_CMB/Patient-0000605785-00014-1.nii|0    |0    |[237, 321, 253, 337]
Non_CMB/Patient-0000605785-00092-2.nii|0    |1    |[160, 373, 176, 389]
CMB/Patient-0000605785-00045-1.nii|1    |1    |[323, 373, 339, 389]
Non_CMB/Patient-0000605785-00036-3.nii|0    |1    |[282, 376, 298, 392]
CMB/Patient-0000605785-00107-1.nii|1    |1    |[213, 333, 229, 349]
Non_CMB/Patient-0000605785-00063-1.nii|0    |0    |[166, 296, 182, 312]
CMB/Patient-0000605785-00044-2.nii|1    |1    |[323, 320, 339, 336]
Non_CMB/Patient-0000605785-00092-3.nii|0    |1    |[193, 236, 209, 252]
