CMB/Patient-0018470179-00066-1.nii|1    |1    |[205, 225, 221, 241]
Non_CMB/Patient-0018470179-00077-0.nii|0    |0    |[177, 398, 193, 414]
Non_CMB/Patient-0018470179-00089-4.nii|0    |0    |[338, 262, 354, 278]
Non_CMB/Patient-0018470179-00083-2.nii|0    |0    |[301, 294, 317, 310]
Non_CMB/Patient-0018470179-00074-1.nii|0    |0    |[298, 277, 314, 293]
CMB/Patient-0018470179-00062-0.nii|1    |1    |[207, 229, 223, 245]
Non_CMB/Patient-0018470179-00080-1.nii|0    |0    |[174, 267, 190, 283]
Non_CMB/Patient-0018470179-00090-0.nii|0    |0    |[287, 213, 303, 229]
Non_CMB/Patient-0018470179-00034-1.nii|0    |0    |[147, 331, 163, 347]
Non_CMB/Patient-0018470179-00053-3.nii|0    |0    |[340, 284, 356, 300]
Non_CMB/Patient-0018470179-00088-0.nii|0    |0    |[163, 341, 179, 357]
Non_CMB/Patient-0018470179-00080-0.nii|0    |0    |[176, 358, 192, 374]
Non_CMB/Patient-0018470179-00096-1.nii|0    |0    |[143, 244, 159, 260]
Non_CMB/Patient-0018470179-00068-4.nii|0    |0    |[211, 212, 227, 228]
Non_CMB/Patient-0018470179-00047-2.nii|0    |0    |[162, 348, 178, 364]
CMB/Patient-0018470179-00061-1.nii|1    |1    |[158, 306, 174, 322]
Non_CMB/Patient-0018470179-00039-2.nii|0    |0    |[187, 415, 203, 431]
Non_CMB/Patient-0018470179-00048-0.nii|0    |0    |[174, 291, 190, 307]
Non_CMB/Patient-0018470179-00067-0.nii|0    |0    |[164, 304, 180, 320]
Non_CMB/Patient-0017964537-00058-1.nii|0    |0    |[346, 323, 362, 339]
Non_CMB/Patient-0017964537-00019-0.nii|0    |1    |[248, 325, 264, 341]
Non_CMB/Patient-0017964537-00085-0.nii|0    |0    |[170, 332, 186, 348]
CMB/Patient-0017964537-00031-0.nii|1    |1    |[150, 284, 166, 300]
CMB/Patient-0017964537-00062-1.nii|1    |1    |[177, 339, 193, 355]
Non_CMB/Patient-0017964537-00022-2.nii|0    |0    |[315, 265, 331, 281]
CMB/Patient-0017964537-00061-0.nii|1    |1    |[177, 339, 193, 355]
Non_CMB/Patient-0017964537-00028-1.nii|0    |0    |[223, 386, 239, 402]
Non_CMB/Patient-0017964537-00018-2.nii|0    |1    |[248, 325, 264, 341]
CMB/Patient-0017964537-00023-0.nii|1    |1    |[217, 336, 233, 352]
Non_CMB/Patient-0017964537-00026-0.nii|0    |0    |[328, 325, 344, 341]
CMB/Patient-0017964537-00069-1.nii|1    |1    |[208, 378, 224, 394]
Non_CMB/Patient-0017964537-00078-2.nii|0    |0    |[179, 368, 195, 384]
CMB/Patient-0017964537-00078-1.nii|1    |1    |[201, 352, 217, 368]
Non_CMB/Patient-0017964537-00079-4.nii|0    |0    |[163, 216, 179, 232]
Non_CMB/Patient-0017964537-00071-2.nii|0    |0    |[207, 364, 223, 380]
Non_CMB/Patient-0017964537-00030-1.nii|0    |1    |[150, 284, 166, 300]
Non_CMB/Patient-0017964537-00029-2.nii|0    |0    |[177, 319, 193, 335]
Non_CMB/Patient-0017964537-00037-2.nii|0    |0    |[270, 406, 286, 422]
Non_CMB/Patient-0017964537-00087-0.nii|0    |0    |[293, 165, 309, 181]
Non_CMB/Patient-0017964537-00054-1.nii|0    |0    |[196, 405, 212, 421]
Non_CMB/Patient-0017964537-00088-2.nii|0    |0    |[293, 165, 309, 181]
Non_CMB/Patient-0017964537-00033-4.nii|0    |0    |[165, 348, 181, 364]
Non_CMB/Patient-0009194347-00041-0.nii|0    |0    |[292, 382, 308, 398]
Non_CMB/Patient-0009194347-00062-4.nii|0    |0    |[173, 299, 189, 315]
Non_CMB/Patient-0009194347-00050-4.nii|0    |0    |[219, 407, 235, 423]
Non_CMB/Patient-0009194347-00039-2.nii|0    |1    |[290, 301, 306, 317]
CMB/Patient-0009194347-00068-2.nii|1    |0    |[328, 209, 344, 225]
Non_CMB/Patient-0009194347-00036-4.nii|0    |0    |[249, 304, 265, 320]
Non_CMB/Patient-0009194347-00039-0.nii|0    |1    |[350, 228, 366, 244]
Non_CMB/Patient-0009194347-00030-2.nii|0    |0    |[296, 339, 312, 355]
Non_CMB/Patient-0009194347-00101-4.nii|0    |0    |[295, 318, 311, 334]
CMB/Patient-0009194347-00037-1.nii|1    |1    |[350, 227, 366, 243]
Non_CMB/Patient-0009194347-00050-3.nii|0    |0    |[195, 387, 211, 403]
Non_CMB/Patient-0009194347-00086-2.nii|0    |0    |[224, 175, 240, 191]
Non_CMB/Patient-0009194347-00035-2.nii|0    |0    |[250, 304, 266, 320]
CMB/Patient-0000032463-00026-0.nii|1    |1    |[211, 366, 227, 382]
Non_CMB/Patient-0000032463-00072-2.nii|0    |0    |[150, 353, 166, 369]
Non_CMB/Patient-0000032463-00066-4.nii|0    |1    |[278, 334, 294, 350]
Non_CMB/Patient-0000032463-00026-4.nii|0    |0    |[347, 355, 363, 371]
Non_CMB/Patient-0000032463-00086-3.nii|0    |0    |[132, 294, 148, 310]
Non_CMB/Patient-0000032463-00035-4.nii|0    |0    |[361, 332, 377, 348]
Non_CMB/Patient-0000032463-00031-1.nii|0    |0    |[166, 398, 182, 414]
Non_CMB/Patient-0000032463-00046-1.nii|0    |0    |[215, 388, 231, 404]
Non_CMB/Patient-0000032463-00065-0.nii|0    |0    |[302, 370, 318, 386]
Non_CMB/Patient-0000032463-00078-0.nii|0    |0    |[224, 157, 240, 173]
Non_CMB/Patient-0000032463-00069-0.nii|0    |0    |[186, 119, 202, 135]
Non_CMB/Patient-0000032463-00038-4.nii|0    |0    |[338, 332, 354, 348]
Non_CMB/Patient-0000032463-00017-0.nii|0    |1    |[188, 314, 204, 330]
Non_CMB/Patient-0000032463-00092-3.nii|0    |0    |[147, 263, 163, 279]
Non_CMB/Patient-0000032463-00096-2.nii|0    |0    |[297, 248, 313, 264]
Non_CMB/Patient-0000032463-00091-0.nii|0    |0    |[347, 293, 363, 309]
Non_CMB/Patient-0000032463-00082-1.nii|0    |0    |[131, 348, 147, 364]
Non_CMB/Patient-0000137786-00033-1.nii|0    |0    |[195, 264, 211, 280]
Non_CMB/Patient-0000137786-00030-0.nii|0    |0    |[358, 309, 374, 325]
Non_CMB/Patient-0000137786-00057-2.nii|0    |0    |[200, 115, 216, 131]
Non_CMB/Patient-0000137786-00040-1.nii|0    |0    |[206, 194, 222, 210]
Non_CMB/Patient-0000137786-00031-2.nii|0    |0    |[219, 382, 235, 398]
Non_CMB/Patient-0000137786-00041-4.nii|0    |0    |[308, 232, 324, 248]
Non_CMB/Patient-0000137786-00019-0.nii|0    |0    |[290, 340, 306, 356]
Non_CMB/Patient-0000137786-00031-3.nii|0    |0    |[172, 344, 188, 360]
Non_CMB/Patient-0000137786-00057-3.nii|0    |0    |[178, 333, 194, 349]
Non_CMB/Patient-0000137786-00046-4.nii|0    |0    |[251, 266, 267, 282]
Non_CMB/Patient-0000137786-00029-0.nii|0    |0    |[179, 351, 195, 367]
Non_CMB/Patient-0000605785-00068-0.nii|0    |0    |[308, 380, 324, 396]
CMB/Patient-0000605785-00107-1.nii|1    |1    |[213, 333, 229, 349]
Non_CMB/Patient-0000605785-00097-2.nii|0    |0    |[220, 237, 236, 253]
Non_CMB/Patient-0000605785-00038-1.nii|0    |0    |[185, 338, 201, 354]
CMB/Patient-0000605785-00107-0.nii|1    |1    |[219, 284, 235, 300]
Non_CMB/Patient-0000605785-00081-4.nii|0    |0    |[206, 334, 222, 350]
Non_CMB/Patient-0000605785-00093-0.nii|0    |0    |[304, 279, 320, 295]
CMB/Patient-0000605785-00042-0.nii|1    |1    |[323, 321, 339, 337]
Non_CMB/Patient-0000605785-00019-2.nii|0    |0    |[268, 333, 284, 349]
CMB/Patient-0000605785-00086-2.nii|1    |1    |[198, 175, 214, 191]
CMB/Patient-0000605785-00073-0.nii|1    |0    |[295, 356, 311, 372]
Non_CMB/Patient-0000605785-00074-1.nii|0    |1    |[214, 347, 230, 363]
Non_CMB/Patient-0000605785-00023-3.nii|0    |1    |[193, 291, 209, 307]
Non_CMB/Patient-0000605785-00076-3.nii|0    |0    |[273, 395, 289, 411]
CMB/Patient-0000605785-00039-1.nii|1    |0    |[305, 402, 321, 418]
Non_CMB/Patient-0000605785-00055-0.nii|0    |1    |[324, 283, 340, 299]
Non_CMB/Patient-0000605785-00050-4.nii|0    |0    |[250, 284, 266, 300]
Non_CMB/Patient-0000605785-00052-0.nii|0    |0    |[312, 315, 328, 331]
Non_CMB/Patient-0000605785-00054-0.nii|0    |1    |[324, 284, 340, 300]
Non_CMB/Patient-0000605785-00108-1.nii|0    |1    |[220, 284, 236, 300]
Non_CMB/Patient-0000605785-00102-1.nii|0    |0    |[205, 236, 221, 252]
CMB/Patient-0000605785-00045-1.nii|1    |1    |[323, 373, 339, 389]
Non_CMB/Patient-0000605785-00044-1.nii|0    |0    |[207, 412, 223, 428]
CMB/Patient-0000605785-00044-2.nii|1    |1    |[323, 320, 339, 336]
Non_CMB/Patient-0000605785-00036-3.nii|0    |0    |[282, 376, 298, 392]
Non_CMB/Patient-0000605785-00051-1.nii|0    |0    |[312, 315, 328, 331]
CMB/Patient-0000605785-00078-2.nii|1    |1    |[309, 347, 325, 363]
Non_CMB/Patient-0000605785-00068-3.nii|0    |0    |[237, 143, 253, 159]
Non_CMB/Patient-0017595543-00036-0.nii|0    |0    |[270, 414, 286, 430]
Non_CMB/Patient-0017595543-00088-2.nii|0    |1    |[173, 317, 189, 333]
CMB/Patient-0017595543-00068-2.nii|1    |1    |[176, 384, 192, 400]
Non_CMB/Patient-0017595543-00083-0.nii|0    |1    |[156, 372, 172, 388]
CMB/Patient-0017595543-00059-1.nii|1    |1    |[271, 291, 287, 307]
Non_CMB/Patient-0017595543-00029-0.nii|0    |0    |[293, 366, 309, 382]
CMB/Patient-0017595543-00071-3.nii|1    |1    |[177, 384, 193, 400]
Non_CMB/Patient-0017595543-00089-0.nii|0    |1    |[326, 355, 342, 371]
CMB/Patient-0017595543-00040-0.nii|1    |1    |[147, 355, 163, 371]
Non_CMB/Patient-0017595543-00080-3.nii|0    |0    |[193, 355, 209, 371]
CMB/Patient-0017595543-00041-0.nii|1    |1    |[120, 252, 136, 268]
CMB/Patient-0017595543-00085-1.nii|1    |1    |[271, 166, 287, 182]
CMB/Patient-0017595543-00033-1.nii|1    |1    |[168, 378, 184, 394]
Non_CMB/Patient-0017595543-00089-3.nii|0    |1    |[314, 188, 330, 204]
Non_CMB/Patient-0017595543-00041-1.nii|0    |1    |[207, 389, 223, 405]
Non_CMB/Patient-0017595543-00043-3.nii|0    |1    |[119, 251, 135, 267]
Non_CMB/Patient-0017595543-00042-4.nii|0    |0    |[231, 381, 247, 397]
Non_CMB/Patient-0017595543-00087-1.nii|0    |0    |[213, 294, 229, 310]
CMB/Patient-0017595543-00068-0.nii|1    |1    |[225, 364, 241, 380]
CMB/Patient-0017595543-00061-3.nii|1    |1    |[198, 205, 214, 221]
Non_CMB/Patient-0017595543-00091-3.nii|0    |1    |[223, 373, 239, 389]
CMB/Patient-0017595543-00034-0.nii|1    |1    |[168, 378, 184, 394]
CMB/Patient-0017595543-00078-0.nii|1    |1    |[306, 257, 322, 273]
CMB/Patient-0017595543-00064-2.nii|1    |1    |[197, 259, 213, 275]
Non_CMB/Patient-0017595543-00040-1.nii|0    |1    |[207, 389, 223, 405]
CMB/Patient-0017595543-00036-2.nii|1    |1    |[326, 282, 342, 298]
Non_CMB/Patient-0017595543-00074-2.nii|0    |0    |[193, 382, 209, 398]
Non_CMB/Patient-0017595543-00096-0.nii|0    |1    |[225, 377, 241, 393]
CMB/Patient-0017595543-00079-0.nii|1    |1    |[241, 311, 257, 327]
Non_CMB/Patient-0017595543-00093-1.nii|0    |1    |[236, 340, 252, 356]
CMB/Patient-0017595543-00084-1.nii|1    |1    |[183, 383, 199, 399]
CMB/Patient-0017595543-00071-0.nii|1    |1    |[181, 408, 197, 424]
CMB/Patient-0017595543-00054-0.nii|1    |1    |[279, 277, 295, 293]
CMB/Patient-0017595543-00066-2.nii|1    |1    |[312, 244, 328, 260]
Non_CMB/Patient-0017595543-00083-3.nii|0    |1    |[226, 135, 242, 151]
Non_CMB/Patient-0017595543-00025-4.nii|0    |0    |[219, 356, 235, 372]
CMB/Patient-0017595543-00058-3.nii|1    |1    |[304, 292, 320, 308]
CMB/Patient-0017595543-00043-1.nii|1    |1    |[264, 414, 280, 430]
CMB/Patient-0017595543-00067-0.nii|1    |1    |[225, 365, 241, 381]
Non_CMB/Patient-0017595543-00085-2.nii|0    |0    |[139, 239, 155, 255]
CMB/Patient-0017595543-00064-0.nii|1    |1    |[202, 402, 218, 418]
CMB/Patient-0017595543-00034-2.nii|1    |1    |[369, 238, 385, 254]
CMB/Patient-0017595543-00051-0.nii|1    |1    |[183, 415, 199, 431]
CMB/Patient-0017595543-00038-1.nii|1    |1    |[327, 280, 343, 296]
CMB/Patient-0017595543-00061-2.nii|1    |1    |[346, 397, 362, 413]
CMB/Patient-0017595543-00073-1.nii|1    |1    |[196, 312, 212, 328]
Non_CMB/Patient-0017595543-00024-0.nii|0    |0    |[289, 292, 305, 308]
CMB/Patient-0017595543-00086-1.nii|1    |1    |[231, 294, 247, 310]
CMB/Patient-0017595543-00057-4.nii|1    |1    |[215, 284, 231, 300]
CMB/Patient-0017595543-00060-3.nii|1    |1    |[193, 238, 209, 254]
CMB/Patient-0017595543-00039-0.nii|1    |1    |[201, 239, 217, 255]
Non_CMB/Patient-0002162909-00052-1.nii|0    |1    |[220, 402, 236, 418]
Non_CMB/Patient-0002162909-00092-3.nii|0    |0    |[187, 206, 203, 222]
Non_CMB/Patient-0002162909-00078-0.nii|0    |0    |[327, 333, 343, 349]
Non_CMB/Patient-0002162909-00084-2.nii|0    |0    |[206, 334, 222, 350]
Non_CMB/Patient-0002162909-00093-2.nii|0    |0    |[202, 261, 218, 277]
Non_CMB/Patient-0002162909-00087-0.nii|0    |0    |[156, 326, 172, 342]
Non_CMB/Patient-0002162909-00073-4.nii|0    |0    |[318, 372, 334, 388]
Non_CMB/Patient-0002162909-00010-3.nii|0    |0    |[174, 332, 190, 348]
Non_CMB/Patient-0002162909-00086-3.nii|0    |0    |[202, 159, 218, 175]
Non_CMB/Patient-0002162909-00044-2.nii|0    |0    |[297, 351, 313, 367]
Non_CMB/Patient-0002162909-00029-0.nii|0    |0    |[189, 347, 205, 363]
Non_CMB/Patient-0002162909-00032-2.nii|0    |0    |[347, 301, 363, 317]
Non_CMB/Patient-0002162909-00011-1.nii|0    |0    |[306, 332, 322, 348]
Non_CMB/Patient-0002162909-00040-0.nii|0    |0    |[156, 297, 172, 313]
Non_CMB/Patient-0002162909-00100-1.nii|0    |1    |[207, 162, 223, 178]
Non_CMB/Patient-0002162909-00097-3.nii|0    |0    |[270, 332, 286, 348]
Non_CMB/Patient-0002162909-00075-0.nii|0    |0    |[294, 324, 310, 340]
Non_CMB/Patient-0002162909-00084-1.nii|0    |0    |[158, 325, 174, 341]
Non_CMB/Patient-0002162909-00038-2.nii|0    |0    |[305, 252, 321, 268]
Non_CMB/Patient-0002162909-00032-0.nii|0    |0    |[169, 228, 185, 244]
Non_CMB/Patient-0002162909-00040-2.nii|0    |0    |[204, 387, 220, 403]
Non_CMB/Patient-0002162909-00010-1.nii|0    |0    |[308, 332, 324, 348]
Non_CMB/Patient-0002162909-00093-0.nii|0    |0    |[186, 206, 202, 222]
CMB/Patient-0018081436-00057-0.nii|1    |1    |[193, 423, 209, 439]
Non_CMB/Patient-0018081436-00072-0.nii|0    |0    |[293, 271, 309, 287]
CMB/Patient-0018081436-00049-0.nii|1    |1    |[199, 424, 215, 440]
CMB/Patient-0018081436-00056-0.nii|1    |1    |[177, 412, 193, 428]
CMB/Patient-0018081436-00098-0.nii|1    |1    |[202, 219, 218, 235]
Non_CMB/Patient-0018081436-00046-0.nii|0    |1    |[366, 322, 382, 338]
Non_CMB/Patient-0018081436-00069-1.nii|0    |0    |[348, 364, 364, 380]
Non_CMB/Patient-0018081436-00091-0.nii|0    |1    |[193, 194, 209, 210]
Non_CMB/Patient-0018081436-00038-0.nii|0    |0    |[216, 344, 232, 360]
Non_CMB/Patient-0018081436-00065-4.nii|0    |0    |[288, 258, 304, 274]
CMB/Patient-0018081436-00059-1.nii|1    |1    |[193, 420, 209, 436]
Non_CMB/Patient-0018081436-00106-0.nii|0    |0    |[218, 356, 234, 372]
Non_CMB/Patient-0018081436-00026-3.nii|0    |0    |[211, 349, 227, 365]
Non_CMB/Patient-0018081436-00042-0.nii|0    |0    |[300, 262, 316, 278]
Non_CMB/Patient-0018081436-00092-2.nii|0    |1    |[194, 195, 210, 211]
Non_CMB/Patient-0018081436-00089-4.nii|0    |0    |[225, 194, 241, 210]
Non_CMB/Patient-0018081436-00098-1.nii|0    |0    |[328, 316, 344, 332]
Non_CMB/Patient-0018081436-00033-1.nii|0    |0    |[226, 307, 242, 323]
Non_CMB/Patient-0018081436-00060-3.nii|0    |1    |[282, 238, 298, 254]
CMB/Patient-0005215378-00069-0.nii|1    |1    |[193, 357, 209, 373]
CMB/Patient-0005215378-00036-2.nii|1    |1    |[170, 212, 186, 228]
Non_CMB/Patient-0005215378-00047-0.nii|0    |0    |[296, 389, 312, 405]
Non_CMB/Patient-0005215378-00076-1.nii|0    |0    |[171, 339, 187, 355]
Non_CMB/Patient-0005215378-00032-2.nii|0    |0    |[229, 292, 245, 308]
Non_CMB/Patient-0005215378-00073-1.nii|0    |1    |[217, 341, 233, 357]
Non_CMB/Patient-0005215378-00028-1.nii|0    |0    |[225, 403, 241, 419]
Non_CMB/Patient-0005215378-00055-0.nii|0    |0    |[348, 333, 364, 349]
Non_CMB/Patient-0005215378-00034-3.nii|0    |0    |[241, 403, 257, 419]
Non_CMB/Patient-0005215378-00069-3.nii|0    |0    |[187, 211, 203, 227]
Non_CMB/Patient-0005215378-00027-2.nii|0    |0    |[292, 396, 308, 412]
Non_CMB/Patient-0005215378-00075-3.nii|0    |0    |[171, 339, 187, 355]
CMB/Patient-0018471528-00019-0.nii|1    |1    |[301, 379, 317, 395]
Non_CMB/Patient-0018471528-00043-1.nii|0    |0    |[372, 289, 388, 305]
Non_CMB/Patient-0018471528-00053-4.nii|0    |0    |[163, 295, 179, 311]
CMB/Patient-0018471528-00048-1.nii|1    |0    |[195, 241, 211, 257]
Non_CMB/Patient-0018471528-00109-0.nii|0    |0    |[297, 311, 313, 327]
CMB/Patient-0018471528-00055-0.nii|1    |1    |[190, 258, 206, 274]
CMB/Patient-0018471528-00051-2.nii|1    |1    |[195, 249, 211, 265]
CMB/Patient-0018471528-00064-0.nii|1    |1    |[185, 242, 201, 258]
Non_CMB/Patient-0018471528-00054-4.nii|0    |0    |[153, 318, 169, 334]
Non_CMB/Patient-0018471528-00010-0.nii|0    |1    |[184, 369, 200, 385]
Non_CMB/Patient-0018471528-00034-4.nii|0    |0    |[189, 398, 205, 414]
Non_CMB/Patient-0018471528-00094-1.nii|0    |0    |[312, 266, 328, 282]
Non_CMB/Patient-0018471528-00009-0.nii|0    |0    |[183, 370, 199, 386]
Non_CMB/Patient-0018471528-00054-2.nii|0    |1    |[284, 404, 300, 420]
CMB/Patient-0018471528-00065-1.nii|1    |1    |[306, 243, 322, 259]
Non_CMB/Patient-0018471528-00076-1.nii|0    |1    |[303, 336, 319, 352]
CMB/Patient-0018471528-00077-0.nii|1    |1    |[303, 337, 319, 353]
Non_CMB/Patient-0018471528-00039-2.nii|0    |1    |[348, 270, 364, 286]
Non_CMB/Patient-0018471528-00066-4.nii|0    |0    |[210, 236, 226, 252]
CMB/Patient-0018471528-00015-0.nii|1    |1    |[288, 365, 304, 381]
Non_CMB/Patient-0018471528-00045-4.nii|0    |0    |[354, 277, 370, 293]
Non_CMB/Patient-0018471528-00062-0.nii|0    |1    |[295, 420, 311, 436]
CMB/Patient-0018471528-00068-0.nii|1    |1    |[187, 242, 203, 258]
CMB/Patient-0018471528-00049-1.nii|1    |1    |[287, 402, 303, 418]
CMB/Patient-0018471528-00066-1.nii|1    |1    |[186, 242, 202, 258]
Non_CMB/Patient-0015011783-00068-2.nii|0    |0    |[178, 270, 194, 286]
Non_CMB/Patient-0015011783-00049-2.nii|0    |0    |[148, 368, 164, 384]
Non_CMB/Patient-0015011783-00051-0.nii|0    |0    |[250, 301, 266, 317]
CMB/Patient-0015011783-00074-0.nii|1    |1    |[208, 266, 224, 282]
CMB/Patient-0015011783-00094-0.nii|1    |1    |[207, 282, 223, 298]
Non_CMB/Patient-0015011783-00050-1.nii|0    |0    |[251, 301, 267, 317]
Non_CMB/Patient-0015011783-00065-0.nii|0    |1    |[291, 253, 307, 269]
Non_CMB/Patient-0015011783-00064-0.nii|0    |0    |[296, 258, 312, 274]
Non_CMB/Patient-0015011783-00044-2.nii|0    |0    |[210, 392, 226, 408]
Non_CMB/Patient-0015011783-00071-2.nii|0    |1    |[211, 267, 227, 283]
Non_CMB/Patient-0015011783-00062-0.nii|0    |0    |[298, 255, 314, 271]
Non_CMB/Patient-0015011783-00046-2.nii|0    |0    |[337, 326, 353, 342]
Non_CMB/Patient-0000060881-00086-2.nii|0    |0    |[303, 336, 319, 352]
CMB/Patient-0000060881-00085-0.nii|1    |1    |[280, 263, 296, 279]
Non_CMB/Patient-0000060881-00035-0.nii|0    |0    |[195, 257, 211, 273]
CMB/Patient-0000060881-00087-1.nii|1    |1    |[229, 258, 245, 274]
Non_CMB/Patient-0000060881-00068-0.nii|0    |0    |[285, 367, 301, 383]
Non_CMB/Patient-0000060881-00053-2.nii|0    |0    |[294, 323, 310, 339]
Non_CMB/Patient-0000060881-00061-1.nii|0    |1    |[172, 399, 188, 415]
Non_CMB/Patient-0000060881-00039-0.nii|0    |0    |[294, 385, 310, 401]
Non_CMB/Patient-0000060881-00036-1.nii|0    |0    |[297, 409, 313, 425]
Non_CMB/Patient-0000060881-00034-2.nii|0    |0    |[220, 339, 236, 355]
Non_CMB/Patient-0000060881-00102-3.nii|0    |0    |[181, 317, 197, 333]
Non_CMB/Patient-0000060881-00069-1.nii|0    |0    |[285, 368, 301, 384]
Non_CMB/Patient-0000060881-00041-1.nii|0    |0    |[330, 351, 346, 367]
Non_CMB/Patient-0000060881-00043-1.nii|0    |0    |[180, 398, 196, 414]
CMB/Patient-0000060881-00086-0.nii|1    |1    |[280, 263, 296, 279]
Non_CMB/Patient-0000060881-00037-0.nii|0    |0    |[298, 408, 314, 424]
CMB/Patient-0000284759-00066-1.nii|1    |1    |[291, 314, 307, 330]
Non_CMB/Patient-0000284759-00027-3.nii|0    |0    |[316, 340, 332, 356]
Non_CMB/Patient-0000284759-00063-4.nii|0    |0    |[222, 397, 238, 413]
Non_CMB/Patient-0000284759-00031-2.nii|0    |0    |[193, 252, 209, 268]
Non_CMB/Patient-0000284759-00032-1.nii|0    |1    |[162, 322, 178, 338]
Non_CMB/Patient-0000284759-00049-1.nii|0    |0    |[247, 292, 263, 308]
Non_CMB/Patient-0017942742-00085-0.nii|0    |1    |[232, 336, 248, 352]
Non_CMB/Patient-0017942742-00055-3.nii|0    |0    |[193, 309, 209, 325]
Non_CMB/Patient-0017942742-00049-0.nii|0    |1    |[160, 335, 176, 351]
Non_CMB/Patient-0017942742-00056-1.nii|0    |1    |[343, 337, 359, 353]
Non_CMB/Patient-0017942742-00035-1.nii|0    |1    |[369, 252, 385, 268]
Non_CMB/Patient-0017942742-00081-0.nii|0    |0    |[321, 336, 337, 352]
Non_CMB/Patient-0017942742-00031-0.nii|0    |0    |[208, 329, 224, 345]
Non_CMB/Patient-0017942742-00009-0.nii|0    |0    |[178, 344, 194, 360]
Non_CMB/Patient-0017942742-00008-1.nii|0    |1    |[189, 339, 205, 355]
Non_CMB/Patient-0017942742-00080-1.nii|0    |1    |[170, 206, 186, 222]
Non_CMB/Patient-0017942742-00081-1.nii|0    |1    |[170, 206, 186, 222]
Non_CMB/Patient-0017942742-00055-2.nii|0    |1    |[310, 323, 326, 339]
Non_CMB/Patient-0017942742-00087-3.nii|0    |1    |[232, 335, 248, 351]
Non_CMB/Patient-0017942742-00033-1.nii|0    |0    |[171, 287, 187, 303]
Non_CMB/Patient-0017942742-00084-1.nii|0    |0    |[194, 375, 210, 391]
Non_CMB/Patient-0017942742-00083-0.nii|0    |0    |[298, 372, 314, 388]
Non_CMB/Patient-0017942742-00090-2.nii|0    |1    |[201, 178, 217, 194]
Non_CMB/Patient-0017942742-00084-3.nii|0    |0    |[298, 373, 314, 389]
Non_CMB/Patient-0017942742-00036-0.nii|0    |1    |[351, 322, 367, 338]
Non_CMB/Patient-0000479916-00104-1.nii|0    |0    |[227, 222, 243, 238]
Non_CMB/Patient-0000479916-00055-2.nii|0    |0    |[155, 290, 171, 306]
Non_CMB/Patient-0000479916-00010-3.nii|0    |0    |[292, 333, 308, 349]
Non_CMB/Patient-0000479916-00054-4.nii|0    |0    |[229, 340, 245, 356]
Non_CMB/Patient-0000479916-00085-1.nii|0    |0    |[151, 333, 167, 349]
CMB/Patient-0000479916-00054-0.nii|1    |1    |[166, 295, 182, 311]
Non_CMB/Patient-0000479916-00106-0.nii|0    |0    |[282, 338, 298, 354]
Non_CMB/Patient-0000479916-00051-2.nii|0    |0    |[250, 277, 266, 293]
Non_CMB/Patient-0000479916-00028-3.nii|0    |0    |[209, 335, 225, 351]
Non_CMB/Patient-0000479916-00088-2.nii|0    |0    |[150, 334, 166, 350]
CMB/Patient-0000479916-00024-0.nii|1    |1    |[224, 332, 240, 348]
Non_CMB/Patient-0000479916-00030-0.nii|0    |0    |[348, 302, 364, 318]
Non_CMB/Patient-0000479916-00072-0.nii|0    |1    |[156, 318, 172, 334]
Non_CMB/Patient-0000479916-00066-3.nii|0    |0    |[185, 190, 201, 206]
Non_CMB/Patient-0000479916-00087-2.nii|0    |0    |[150, 334, 166, 350]
CMB/Patient-0000479916-00079-1.nii|1    |1    |[338, 270, 354, 286]
Non_CMB/Patient-0000479916-00062-2.nii|0    |0    |[171, 330, 187, 346]
Non_CMB/Patient-0000479916-00100-3.nii|0    |0    |[176, 326, 192, 342]
CMB/Patient-0000479916-00064-0.nii|1    |1    |[175, 286, 191, 302]
CMB/Patient-0000479916-00053-0.nii|1    |1    |[166, 294, 182, 310]
Non_CMB/Patient-0000479916-00057-4.nii|0    |0    |[250, 286, 266, 302]
Non_CMB/Patient-0000479916-00071-3.nii|0    |0    |[322, 381, 338, 397]
Non_CMB/Patient-0000604199-00080-2.nii|0    |0    |[131, 283, 147, 299]
Non_CMB/Patient-0000604199-00081-0.nii|0    |0    |[130, 283, 146, 299]
CMB/Patient-0000604199-00050-0.nii|1    |0    |[325, 366, 341, 382]
Non_CMB/Patient-0000604199-00039-0.nii|0    |0    |[282, 404, 298, 420]
Non_CMB/Patient-0000604199-00064-4.nii|0    |0    |[216, 328, 232, 344]
Non_CMB/Patient-0000604199-00091-1.nii|0    |0    |[318, 220, 334, 236]
Non_CMB/Patient-0000604199-00080-0.nii|0    |0    |[292, 349, 308, 365]
CMB/Patient-0000604199-00087-0.nii|1    |0    |[199, 348, 215, 364]
Non_CMB/Patient-0000604199-00093-2.nii|0    |0    |[163, 374, 179, 390]
Non_CMB/Patient-0000604199-00111-0.nii|0    |0    |[327, 301, 343, 317]
Non_CMB/Patient-0008329410-00080-3.nii|0    |0    |[198, 150, 214, 166]
Non_CMB/Patient-0008329410-00074-0.nii|0    |0    |[310, 237, 326, 253]
Non_CMB/Patient-0008329410-00065-2.nii|0    |0    |[233, 396, 249, 412]
Non_CMB/Patient-0008329410-00034-1.nii|0    |0    |[340, 347, 356, 363]
CMB/Patient-0008329410-00091-0.nii|1    |1    |[274, 317, 290, 333]
CMB/Patient-0008329410-00080-0.nii|1    |1    |[163, 259, 179, 275]
Non_CMB/Patient-0008329410-00062-0.nii|0    |0    |[224, 371, 240, 387]
Non_CMB/Patient-0008329410-00095-4.nii|0    |0    |[315, 189, 331, 205]
CMB/Patient-0008329410-00090-0.nii|1    |1    |[274, 317, 290, 333]
Non_CMB/Patient-0008329410-00071-4.nii|0    |0    |[245, 378, 261, 394]
Non_CMB/Patient-0007015811-00060-1.nii|0    |1    |[278, 259, 294, 275]
Non_CMB/Patient-0007015811-00055-0.nii|0    |0    |[323, 224, 339, 240]
Non_CMB/Patient-0007015811-00074-1.nii|0    |0    |[298, 304, 314, 320]
Non_CMB/Patient-0007015811-00096-1.nii|0    |0    |[197, 238, 213, 254]
Non_CMB/Patient-0007015811-00062-2.nii|0    |0    |[174, 345, 190, 361]
Non_CMB/Patient-0007015811-00063-1.nii|0    |0    |[161, 319, 177, 335]
Non_CMB/Patient-0007015811-00083-0.nii|0    |0    |[177, 315, 193, 331]
Non_CMB/Patient-0007015811-00041-3.nii|0    |0    |[311, 346, 327, 362]
Non_CMB/Patient-0017093997-00116-2.nii|0    |0    |[268, 266, 284, 282]
Non_CMB/Patient-0017093997-00036-2.nii|0    |0    |[337, 331, 353, 347]
Non_CMB/Patient-0017093997-00074-1.nii|0    |0    |[342, 305, 358, 321]
Non_CMB/Patient-0017093997-00115-0.nii|0    |0    |[268, 267, 284, 283]
Non_CMB/Patient-0017093997-00123-3.nii|0    |0    |[231, 261, 247, 277]
Non_CMB/Patient-0017093997-00035-2.nii|0    |0    |[338, 331, 354, 347]
Non_CMB/Patient-0017093997-00078-2.nii|0    |0    |[314, 365, 330, 381]
Non_CMB/Patient-0017093997-00059-0.nii|0    |0    |[214, 263, 230, 279]
Non_CMB/Patient-0017093997-00036-3.nii|0    |0    |[334, 306, 350, 322]
Non_CMB/Patient-0017093997-00049-3.nii|0    |0    |[356, 301, 372, 317]
Non_CMB/Patient-0017093997-00067-1.nii|0    |0    |[225, 362, 241, 378]
Non_CMB/Patient-0017093997-00048-4.nii|0    |0    |[361, 303, 377, 319]
Non_CMB/Patient-0017093997-00085-1.nii|0    |0    |[368, 279, 384, 295]
Non_CMB/Patient-0017093997-00071-4.nii|0    |0    |[176, 228, 192, 244]
Non_CMB/Patient-0017093997-00075-4.nii|0    |0    |[343, 305, 359, 321]
CMB/Patient-0017691773-00081-0.nii|1    |1    |[200, 234, 216, 250]
Non_CMB/Patient-0017691773-00086-0.nii|0    |0    |[193, 143, 209, 159]
Non_CMB/Patient-0017691773-00044-2.nii|0    |1    |[181, 297, 197, 313]
Non_CMB/Patient-0017691773-00031-2.nii|0    |0    |[301, 277, 317, 293]
Non_CMB/Patient-0017691773-00095-4.nii|0    |0    |[292, 251, 308, 267]
Non_CMB/Patient-0017691773-00090-1.nii|0    |0    |[280, 288, 296, 304]
Non_CMB/Patient-0000961359-00060-4.nii|0    |0    |[211, 312, 227, 328]
Non_CMB/Patient-0000961359-00077-1.nii|0    |0    |[82, 218, 98, 234]
Non_CMB/Patient-0000961359-00037-0.nii|0    |0    |[264.0, 287.0, 280.0, 303.0]
Non_CMB/Patient-0000961359-00064-1.nii|0    |1    |[217, 192, 233, 208]
Non_CMB/Patient-0000961359-00101-4.nii|0    |0    |[202, 180, 218, 196]
Non_CMB/Patient-0000961359-00074-4.nii|0    |0    |[183.0, 209.0, 199.0, 225.0]
Non_CMB/Patient-0000961359-00106-3.nii|0    |0    |[121, 300, 137, 316]
Non_CMB/Patient-0000961359-00085-0.nii|0    |0    |[179, 165, 195, 181]
Non_CMB/Patient-0000961359-00076-1.nii|0    |0    |[82, 218, 98, 234]
Non_CMB/Patient-0000086492-00051-2.nii|0    |1    |[131, 305, 147, 321]
Non_CMB/Patient-0000086492-00084-0.nii|0    |0    |[166.0, 259.0, 182.0, 275.0]
Non_CMB/Patient-0000086492-00059-0.nii|0    |0    |[205, 108, 221, 124]
Non_CMB/Patient-0000086492-00085-1.nii|0    |1    |[166, 257, 182, 273]
Non_CMB/Patient-0019133403-00089-4.nii|0    |0    |[236, 332, 252, 348]
Non_CMB/Patient-0019133403-00070-4.nii|0    |0    |[278, 287, 294, 303]
Non_CMB/Patient-0019133403-00084-3.nii|0    |1    |[159, 322, 175, 338]
Non_CMB/Patient-0019133403-00090-1.nii|0    |1    |[144, 216, 160, 232]
Non_CMB/Patient-0019133403-00052-4.nii|0    |0    |[257, 245, 273, 261]
Non_CMB/Patient-0019133403-00069-0.nii|0    |0    |[242, 318, 258, 334]
Non_CMB/Patient-0019133403-00066-1.nii|0    |1    |[220, 353, 236, 369]
CMB/Patient-0019133403-00060-0.nii|1    |1    |[224, 223, 240, 239]
Non_CMB/Patient-0019133403-00053-2.nii|0    |0    |[200, 349, 216, 365]
Non_CMB/Patient-0019133403-00084-1.nii|0    |0    |[187, 240, 203, 256]
Non_CMB/Patient-0021158619-00063-0.nii|0    |0    |[187, 147, 203, 163]
Non_CMB/Patient-0021158619-00031-4.nii|0    |0    |[248.0, 289.0, 264.0, 305.0]
Non_CMB/Patient-0021158619-00103-2.nii|0    |1    |[191, 151, 207, 167]
Non_CMB/Patient-0021158619-00051-0.nii|0    |0    |[219, 172, 235, 188]
Non_CMB/Patient-0021158619-00050-3.nii|0    |0    |[240, 168, 256, 184]
Non_CMB/Patient-0033942820-00077-0.nii|0    |0    |[198, 125, 214, 141]
Non_CMB/Patient-0033942820-00074-1.nii|0    |0    |[243, 161, 259, 177]
Non_CMB/Patient-0033942820-00033-2.nii|0    |0    |[148, 222, 164, 238]
Non_CMB/Patient-0033942820-00083-3.nii|0    |0    |[173, 189, 189, 205]
Non_CMB/Patient-0033942820-00081-0.nii|0    |0    |[118, 282, 134, 298]
Non_CMB/Patient-0033942820-00093-1.nii|0    |0    |[167, 131, 183, 147]
Non_CMB/Patient-0033942820-00099-2.nii|0    |0    |[172, 152, 188, 168]
Non_CMB/Patient-0033942820-00060-2.nii|0    |1    |[196, 252, 212, 268]
Non_CMB/Patient-0033942820-00098-1.nii|0    |0    |[174, 152, 190, 168]
Non_CMB/Patient-0033942820-00041-1.nii|0    |0    |[129.0, 168.0, 145.0, 184.0]
Non_CMB/Patient-0033942820-00057-2.nii|0    |0    |[229, 277, 245, 293]
Non_CMB/Patient-0033942820-00008-0.nii|0    |0    |[201, 283, 217, 299]
Non_CMB/Patient-0000246852-00035-4.nii|0    |0    |[111, 292, 127, 308]
CMB/Patient-0000246852-00050-0.nii|1    |1    |[222, 197, 238, 213]
Non_CMB/Patient-0000246852-00021-4.nii|0    |0    |[240, 318, 256, 334]
Non_CMB/Patient-0000246852-00061-4.nii|0    |0    |[238, 277, 254, 293]
Non_CMB/Patient-0000246852-00091-4.nii|0    |0    |[205, 222, 221, 238]
Non_CMB/Patient-0000246852-00084-3.nii|0    |0    |[172, 119, 188, 135]
Non_CMB/Patient-0000246852-00075-3.nii|0    |0    |[183, 99, 199, 115]
Non_CMB/Patient-0000246852-00054-4.nii|0    |0    |[117, 214, 133, 230]
Non_CMB/Patient-0000246852-00064-0.nii|0    |1    |[187.0, 140.0, 203.0, 156.0]
Non_CMB/Patient-0000246852-00019-3.nii|0    |0    |[112, 285, 128, 301]
Non_CMB/Patient-0000246852-00063-2.nii|0    |1    |[187, 140, 203, 156]
Non_CMB/Patient-0017247587-00055-0.nii|0    |1    |[249, 215, 265, 231]
CMB/Patient-0017247587-00066-0.nii|1    |1    |[180.0, 148.0, 196.0, 164.0]
Non_CMB/Patient-0017247587-00103-0.nii|0    |1    |[163, 187, 179, 203]
Non_CMB/Patient-0017247587-00041-1.nii|0    |1    |[219, 217, 235, 233]
Non_CMB/Patient-0017247587-00116-0.nii|0    |1    |[196, 164, 212, 180]
Non_CMB/Patient-0017247587-00060-4.nii|0    |0    |[181, 251, 197, 267]
Non_CMB/Patient-0017247587-00091-1.nii|0    |1    |[85.0, 207.0, 101.0, 223.0]
Non_CMB/Patient-0017247587-00085-2.nii|0    |1    |[82, 307, 98, 323]
Non_CMB/Patient-0017247587-00113-0.nii|0    |1    |[163, 161, 179, 177]
Non_CMB/Patient-0017247587-00057-4.nii|0    |0    |[145, 228, 161, 244]
Non_CMB/Patient-0017247587-00045-1.nii|0    |1    |[103, 320, 119, 336]
Non_CMB/Patient-0017247587-00114-0.nii|0    |1    |[163, 161, 179, 177]
Non_CMB/Patient-0017247587-00078-2.nii|0    |1    |[308, 258, 324, 274]
Non_CMB/Patient-0017247587-00066-3.nii|0    |0    |[201.0, 106.0, 217.0, 122.0]
Non_CMB/Patient-0017247587-00087-2.nii|0    |0    |[221.0, 279.0, 237.0, 295.0]
Non_CMB/Patient-0017247587-00065-0.nii|0    |0    |[201.0, 107.0, 217.0, 123.0]
Non_CMB/Patient-0015351065-00031-2.nii|0    |0    |[139, 303, 155, 319]
Non_CMB/Patient-0015351065-00063-1.nii|0    |0    |[196.0, 223.0, 212.0, 239.0]
Non_CMB/Patient-0015351065-00054-2.nii|0    |1    |[214.0, 278.0, 230.0, 294.0]
Non_CMB/Patient-0015351065-00087-1.nii|0    |1    |[180, 133, 196, 149]
CMB/Patient-0015351065-00053-0.nii|1    |1    |[235, 337, 251, 353]
Non_CMB/Patient-0015351065-00052-1.nii|0    |0    |[126.0, 261.0, 142.0, 277.0]
Non_CMB/Patient-0015351065-00062-1.nii|0    |0    |[217.0, 327.0, 233.0, 343.0]
Non_CMB/Patient-0015351065-00109-4.nii|0    |0    |[240, 281, 256, 297]
Non_CMB/Patient-0015351065-00046-0.nii|0    |0    |[104, 313, 120, 329]
Non_CMB/Patient-0020520237-00065-1.nii|0    |1    |[185, 254, 201, 270]
Non_CMB/Patient-0020520237-00063-3.nii|0    |1    |[185, 252, 201, 268]
Non_CMB/Patient-0020520237-00043-4.nii|0    |0    |[138.0, 249.0, 154.0, 265.0]
Non_CMB/Patient-0009749337-00061-0.nii|0    |1    |[279.0, 280.0, 295.0, 296.0]
Non_CMB/Patient-0009749337-00056-0.nii|0    |0    |[140, 270, 156, 286]
CMB/Patient-0009749337-00068-0.nii|1    |1    |[159, 216, 175, 232]
Non_CMB/Patient-0009749337-00092-4.nii|0    |0    |[96.0, 247.0, 112.0, 263.0]
Non_CMB/Patient-0009749337-00060-0.nii|0    |0    |[279.0, 280.0, 295.0, 296.0]
Non_CMB/Patient-0002979912-00069-0.nii|0    |1    |[200, 151, 216, 167]
CMB/Patient-0002979912-00058-0.nii|1    |1    |[148.0, 349.0, 164.0, 365.0]
Non_CMB/Patient-0002979912-00032-3.nii|0    |0    |[260, 161, 276, 177]
CMB/Patient-0002979912-00046-0.nii|1    |1    |[130, 283, 146, 299]
Non_CMB/Patient-0002979912-00086-0.nii|0    |0    |[164.0, 281.0, 180.0, 297.0]
Non_CMB/Patient-0002979912-00096-0.nii|0    |1    |[129, 193, 145, 209]
Non_CMB/Patient-0002979912-00068-0.nii|0    |1    |[200.0, 151.0, 216.0, 167.0]
CMB/Patient-0002979912-00060-1.nii|1    |1    |[200.0, 356.0, 216.0, 372.0]
Non_CMB/Patient-0002979912-00087-0.nii|0    |0    |[164, 281, 180, 297]
Non_CMB/Patient-0002979912-00029-2.nii|0    |0    |[246, 173, 262, 189]
CMB/Patient-0034072741-00088-0.nii|1    |1    |[240, 351, 256, 367]
Non_CMB/Patient-0034072741-00062-3.nii|0    |0    |[173, 299, 189, 315]
Non_CMB/Patient-0000248526-00084-0.nii|0    |1    |[239, 153, 255, 169]
Non_CMB/Patient-0000248526-00096-0.nii|0    |0    |[220.0, 152.0, 236.0, 168.0]
CMB/Patient-0000248526-00080-0.nii|1    |1    |[153, 280, 169, 296]
Non_CMB/Patient-0000248526-00040-1.nii|0    |0    |[265, 266, 281, 282]
Non_CMB/Patient-0009492912-00081-1.nii|0    |0    |[190, 221, 206, 237]
Non_CMB/Patient-0009492912-00050-3.nii|0    |1    |[113, 339, 129, 355]
Non_CMB/Patient-0033948378-00068-2.nii|0    |0    |[263.0, 294.0, 279.0, 310.0]
Non_CMB/Patient-0033948378-00030-2.nii|0    |0    |[107, 288, 123, 304]
Non_CMB/Patient-0033908225-00063-1.nii|0    |0    |[232, 343, 248, 359]
Non_CMB/Patient-0033908225-00034-3.nii|0    |0    |[234.0, 307.0, 250.0, 323.0]
Non_CMB/Patient-0033586991-00062-0.nii|0    |0    |[262, 277, 278, 293]
