Non_CMB/Patient-0017691773-00036-0.nii|1    |0    |[325, 335, 341, 351]
Non_CMB/Patient-0017691773-00055-0.nii|1    |0    |[282, 209, 298, 225]
Non_CMB/Patient-0017691773-00075-1.nii|1    |0    |[346, 206, 362, 222]
Non_CMB/Patient-0017691773-00056-3.nii|1    |0    |[281, 209, 297, 225]
Non_CMB/Patient-0017691773-00029-3.nii|1    |0    |[211, 212, 227, 228]
Non_CMB/Patient-0017691773-00040-2.nii|1    |0    |[314, 263, 330, 279]
Non_CMB/Patient-0017691773-00091-4.nii|1    |0    |[191, 160, 207, 176]
Non_CMB/Patient-0017691773-00093-2.nii|1    |0    |[238, 258, 254, 274]
CMB/Patient-0017691773-00081-0.nii|1    |1    |[200, 234, 216, 250]
Non_CMB/Patient-0017691773-00026-0.nii|1    |0    |[316, 281, 332, 297]
