Non_CMB/Patient-0017093997-00056-0.nii|1    |0    |[250, 262, 266, 278]
Non_CMB/Patient-0017093997-00038-2.nii|1    |1    |[221, 350, 237, 366]
Non_CMB/Patient-0017093997-00055-1.nii|1    |1    |[348, 282, 364, 298]
Non_CMB/Patient-0017093997-00072-0.nii|1    |0    |[207, 171, 223, 187]
Non_CMB/Patient-0017093997-00056-2.nii|1    |0    |[323, 190, 339, 206]
Non_CMB/Patient-0017093997-00033-0.nii|1    |0    |[338, 330, 354, 346]
Non_CMB/Patient-0017093997-00050-3.nii|1    |0    |[273, 385, 289, 401]
CMB/Patient-0017093997-00034-0.nii|1    |1    |[210, 358, 226, 374]
Non_CMB/Patient-0017093997-00040-3.nii|1    |0    |[173, 341, 189, 357]
Non_CMB/Patient-0017093997-00044-3.nii|1    |0    |[298, 375, 314, 391]
CMB/Patient-0017093997-00012-0.nii|1    |1    |[194, 282, 210, 298]
Non_CMB/Patient-0017093997-00067-3.nii|1    |0    |[285, 369, 301, 385]
