Non_CMB/Patient-0007015811-00085-3.nii|1    |0    |[148, 356, 164, 372]
Non_CMB/Patient-0007015811-00062-3.nii|1    |0    |[285, 394, 301, 410]
Non_CMB/Patient-0007015811-00047-2.nii|1    |0    |[223, 422, 239, 438]
Non_CMB/Patient-0007015811-00057-3.nii|1    |1    |[210, 216, 226, 232]
Non_CMB/Patient-0007015811-00039-3.nii|1    |0    |[227, 190, 243, 206]
Non_CMB/Patient-0007015811-00055-3.nii|1    |0    |[197, 311, 213, 327]
Non_CMB/Patient-0007015811-00040-4.nii|1    |0    |[190, 258, 206, 274]
CMB/Patient-0007015811-00040-0.nii|1    |1    |[154, 255, 170, 271]
Non_CMB/Patient-0007015811-00035-2.nii|1    |0    |[330, 236, 346, 252]
Non_CMB/Patient-0007015811-00036-2.nii|1    |0    |[211, 415, 227, 431]
Non_CMB/Patient-0007015811-00049-0.nii|1    |0    |[249, 283, 265, 299]
Non_CMB/Patient-0007015811-00035-0.nii|1    |0    |[334, 368, 350, 384]
Non_CMB/Patient-0007015811-00051-3.nii|1    |0    |[249, 283, 265, 299]
Non_CMB/Patient-0007015811-00018-3.nii|1    |0    |[183, 374, 199, 390]
