Non_CMB/Patient-0002162909-00092-1.nii|1    |0    |[319, 253, 335, 269]
Non_CMB/Patient-0002162909-00083-2.nii|1    |0    |[237, 194, 253, 210]
Non_CMB/Patient-0002162909-00036-1.nii|1    |0    |[313, 361, 329, 377]
Non_CMB/Patient-0002162909-00039-1.nii|1    |0    |[165, 320, 181, 336]
Non_CMB/Patient-0002162909-00033-2.nii|1    |0    |[346, 300, 362, 316]
Non_CMB/Patient-0002162909-00101-0.nii|1    |1    |[233, 267, 249, 283]
Non_CMB/Patient-0002162909-00076-3.nii|1    |0    |[173, 282, 189, 298]
Non_CMB/Patient-0002162909-00100-1.nii|1    |1    |[207, 162, 223, 178]
Non_CMB/Patient-0002162909-00107-1.nii|1    |0    |[217, 267, 233, 283]
Non_CMB/Patient-0002162909-00073-4.nii|1    |0    |[318, 372, 334, 388]
Non_CMB/Patient-0002162909-00040-0.nii|1    |0    |[156, 297, 172, 313]
Non_CMB/Patient-0002162909-00105-0.nii|1    |1    |[216, 268, 232, 284]
Non_CMB/Patient-0002162909-00053-0.nii|1    |1    |[179, 144, 195, 160]
Non_CMB/Patient-0002162909-00079-2.nii|1    |0    |[175, 340, 191, 356]
Non_CMB/Patient-0002162909-00098-0.nii|1    |1    |[206, 162, 222, 178]
