Non_CMB/Patient-0000479916-00084-0.nii|1    |0    |[152, 334, 168, 350]
Non_CMB/Patient-0000479916-00079-0.nii|1    |0    |[190, 234, 206, 250]
Non_CMB/Patient-0000479916-00039-1.nii|1    |0    |[197, 404, 213, 420]
Non_CMB/Patient-0000479916-00068-2.nii|1    |0    |[216, 239, 232, 255]
Non_CMB/Patient-0000479916-00087-2.nii|1    |1    |[150, 334, 166, 350]
CMB/Patient-0000479916-00077-0.nii|1    |1    |[341, 270, 357, 286]
CMB/Patient-0000479916-00022-0.nii|1    |1    |[224, 334, 240, 350]
Non_CMB/Patient-0000479916-00059-1.nii|1    |0    |[278, 189, 294, 205]
Non_CMB/Patient-0000479916-00051-2.nii|1    |0    |[250, 277, 266, 293]
Non_CMB/Patient-0000479916-00056-4.nii|1    |0    |[249, 290, 265, 306]
Non_CMB/Patient-0000479916-00069-0.nii|1    |1    |[289, 236, 305, 252]
CMB/Patient-0000479916-00063-0.nii|1    |1    |[175, 285, 191, 301]
CMB/Patient-0000479916-00078-2.nii|1    |1    |[342, 277, 358, 293]
CMB/Patient-0000479916-00053-0.nii|1    |1    |[166, 294, 182, 310]
Non_CMB/Patient-0000479916-00054-3.nii|1    |0    |[233, 193, 249, 209]
Non_CMB/Patient-0000479916-00060-4.nii|1    |0    |[289, 156, 305, 172]
