CMB/Patient-0018471528-00052-1.nii|1    |1    |[195, 249, 211, 265]
CMB/Patient-0018471528-00053-0.nii|1    |1    |[284, 405, 300, 421]
Non_CMB/Patient-0018471528-00054-2.nii|1    |1    |[284, 404, 300, 420]
CMB/Patient-0018471528-00065-1.nii|1    |1    |[306, 243, 322, 259]
CMB/Patient-0018471528-00068-0.nii|1    |1    |[187, 242, 203, 258]
CMB/Patient-0018471528-00041-0.nii|1    |1    |[348, 270, 364, 286]
Non_CMB/Patient-0018471528-00078-4.nii|1    |0    |[201, 211, 217, 227]
Non_CMB/Patient-0018471528-00017-3.nii|1    |0    |[176, 229, 192, 245]
CMB/Patient-0018471528-00078-0.nii|1    |1    |[303, 337, 319, 353]
Non_CMB/Patient-0018471528-00062-0.nii|1    |1    |[295, 420, 311, 436]
Non_CMB/Patient-0018471528-00039-2.nii|1    |1    |[348, 270, 364, 286]
CMB/Patient-0018471528-00015-0.nii|1    |1    |[288, 365, 304, 381]
Non_CMB/Patient-0018471528-00042-0.nii|1    |0    |[241, 408, 257, 424]
Non_CMB/Patient-0018471528-00064-1.nii|1    |0    |[274, 351, 290, 367]
CMB/Patient-0018471528-00059-0.nii|1    |1    |[198, 263, 214, 279]
CMB/Patient-0018471528-00054-1.nii|1    |1    |[189, 258, 205, 274]
CMB/Patient-0018471528-00065-0.nii|1    |1    |[185, 242, 201, 258]
CMB/Patient-0018471528-00048-2.nii|1    |1    |[320, 235, 336, 251]
CMB/Patient-0018471528-00051-0.nii|1    |1    |[284, 404, 300, 420]
